the dataset could not be recovered , Below are first 1001 line of the dataset used -

Month,DayofMonth,DayOfWeek,DepTime,CRSDepTime,CRSArrTime,FlightNum,CRSElapsedTime,AirTime,ArrDelay,DepDelay,Distance,TaxiIn,TaxiOut,CarrierDelay,WeatherDelay,NASDelay,SecurityDelay,LateAircraftDelay
1,3,4,2003,1955,2225,335,150.0,116.0,-14.0,8,810,4.0,8,0.0,0.0,0.0,0.0,0.0
1,3,4,754,735,1000,3231,145.0,113.0,2.0,19,810,5.0,10,0.0,0.0,0.0,0.0,0.0
1,3,4,628,620,750,448,90.0,76.0,14.0,8,515,3.0,17,0.0,0.0,0.0,0.0,0.0
1,3,4,1829,1755,1925,3920,90.0,77.0,34.0,34,515,3.0,10,2.0,0.0,0.0,0.0,32.0
1,3,4,1940,1915,2110,378,115.0,87.0,11.0,25,688,4.0,10,0.0,0.0,0.0,0.0,0.0
1,3,4,1937,1830,1940,509,250.0,230.0,57.0,67,1591,3.0,7,10.0,0.0,0.0,0.0,47.0
1,3,4,706,700,915,100,135.0,106.0,1.0,6,828,5.0,19,0.0,0.0,0.0,0.0,0.0
1,3,4,1644,1510,1725,1333,135.0,107.0,80.0,94,828,6.0,8,8.0,0.0,0.0,0.0,72.0
1,3,4,1029,1020,1010,2272,50.0,37.0,11.0,9,162,6.0,9,0.0,0.0,0.0,0.0,0.0
1,3,4,1452,1425,1625,675,240.0,213.0,15.0,27,1489,7.0,8,3.0,0.0,0.0,0.0,12.0
1,3,4,754,745,955,1144,250.0,205.0,-15.0,9,1489,5.0,16,0.0,0.0,0.0,0.0,0.0
1,3,4,1323,1255,1510,4,135.0,110.0,16.0,28,838,4.0,9,0.0,0.0,0.0,0.0,16.0
1,3,4,1416,1325,1435,54,70.0,49.0,37.0,51,220,2.0,5,12.0,0.0,0.0,0.0,25.0
1,3,4,1657,1625,1735,623,70.0,47.0,19.0,32,220,5.0,5,7.0,0.0,0.0,0.0,12.0
1,3,4,1900,1840,1950,717,70.0,49.0,6.0,20,220,2.0,5,0.0,0.0,0.0,0.0,0.0
1,3,4,1039,1030,1140,1244,70.0,47.0,-7.0,9,220,2.0,5,0.0,0.0,0.0,0.0,0.0
1,3,4,1520,1455,1605,2553,70.0,50.0,14.0,25,220,2.0,7,0.0,0.0,0.0,0.0,0.0
1,3,4,1422,1255,1610,188,195.0,143.0,47.0,87,1093,6.0,6,40.0,0.0,0.0,0.0,7.0
1,3,4,1954,1925,2235,1754,190.0,155.0,4.0,29,1093,3.0,7,0.0,0.0,0.0,0.0,0.0
1,3,4,2107,1945,2230,362,165.0,134.0,64.0,82,972,6.0,7,5.0,0.0,0.0,0.0,59.0
1,3,4,1312,1300,1550,1397,170.0,140.0,-4.0,12,972,7.0,7,0.0,0.0,0.0,0.0,0.0
1,3,4,1449,1430,1720,3398,170.0,134.0,-5.0,19,972,6.0,6,0.0,0.0,0.0,0.0,0.0
1,3,4,1634,1555,1845,3480,170.0,134.0,14.0,39,972,5.0,6,0.0,0.0,0.0,0.0,0.0
1,3,4,1812,1650,1815,422,145.0,118.0,72.0,82,765,6.0,11,3.0,0.0,0.0,0.0,69.0
1,3,4,1127,1105,1230,1837,145.0,114.0,5.0,22,765,9.0,5,0.0,0.0,0.0,0.0,0.0
1,3,4,1424,1355,1520,2871,145.0,113.0,11.0,29,765,8.0,6,0.0,0.0,0.0,0.0,0.0
1,3,4,1326,1230,1530,1056,180.0,143.0,29.0,56,1052,5.0,5,0.0,0.0,0.0,0.0,29.0
1,3,4,1749,1725,2030,2175,185.0,138.0,-11.0,24,1052,4.0,8,0.0,0.0,0.0,0.0,0.0
1,3,4,726,720,1020,3319,180.0,140.0,-22.0,6,1052,4.0,8,0.0,0.0,0.0,0.0,0.0
1,3,4,646,640,955,3667,195.0,151.0,-26.0,6,1101,3.0,9,0.0,0.0,0.0,0.0,0.0
1,3,4,1153,1140,1440,2006,180.0,143.0,-12.0,13,1034,4.0,8,0.0,0.0,0.0,0.0,0.0
1,3,4,1528,1510,1810,3858,180.0,144.0,-8.0,18,1034,4.0,6,0.0,0.0,0.0,0.0,0.0
1,3,4,1450,1435,1745,3244,130.0,121.0,21.0,15,888,7.0,8,0.0,0.0,6.0,0.0,15.0
1,3,4,2025,1940,2100,3154,80.0,60.0,35.0,45,359,3.0,7,26.0,0.0,0.0,0.0,9.0
1,3,4,1038,945,1225,1035,100.0,81.0,49.0,53,587,8.0,7,7.0,0.0,0.0,0.0,42.0
1,3,4,948,925,940,3430,75.0,59.0,19.0,23,365,3.0,9,0.0,0.0,0.0,0.0,19.0
1,3,4,646,620,655,1580,95.0,77.0,30.0,26,484,6.0,16,26.0,0.0,4.0,0.0,0.0
1,3,4,2139,2130,2240,378,70.0,54.0,4.0,9,318,3.0,8,0.0,0.0,0.0,0.0,0.0
1,3,4,1738,1730,1840,3948,70.0,49.0,1.0,8,318,6.0,8,0.0,0.0,0.0,0.0,0.0
1,3,4,1813,1735,1905,54,150.0,125.0,31.0,38,816,6.0,12,11.0,0.0,0.0,0.0,20.0
1,3,4,802,750,955,2272,125.0,104.0,6.0,12,688,7.0,8,0.0,0.0,0.0,0.0,0.0
1,3,4,1734,1650,1905,23,135.0,113.0,36.0,44,742,4.0,10,3.0,0.0,0.0,0.0,33.0
1,3,4,712,700,915,1232,135.0,120.0,11.0,12,742,5.0,9,0.0,0.0,0.0,0.0,0.0
1,3,4,1318,1310,1400,977,50.0,39.0,10.0,8,180,4.0,9,0.0,0.0,0.0,0.0,0.0
1,3,4,958,900,950,1574,50.0,36.0,62.0,58,180,4.0,14,0.0,0.0,4.0,0.0,58.0
1,3,4,1859,1850,1945,2019,55.0,38.0,5.0,9,180,4.0,9,0.0,0.0,0.0,0.0,0.0
1,3,4,1538,1445,1710,500,85.0,60.0,43.0,53,487,4.0,11,15.0,0.0,0.0,0.0,28.0
1,3,4,2248,2125,2345,890,80.0,60.0,77.0,83,487,4.0,10,7.0,0.0,0.0,0.0,70.0
1,3,4,1327,1230,1500,1171,90.0,65.0,50.0,57,487,3.0,15,50.0,0.0,0.0,0.0,0.0
1,3,4,1614,1600,1825,1925,85.0,60.0,8.0,14,487,4.0,15,0.0,0.0,0.0,0.0,0.0
1,3,4,1229,1155,1555,1079,120.0,91.0,38.0,34,758,5.0,28,3.0,0.0,4.0,0.0,31.0
1,3,4,1256,1240,1720,155,160.0,131.0,4.0,16,1090,3.0,14,0.0,0.0,0.0,0.0,0.0
1,3,4,905,850,1330,3222,160.0,135.0,4.0,15,1090,4.0,10,0.0,0.0,0.0,0.0,0.0
1,3,4,1325,1240,1810,419,210.0,178.0,31.0,45,1588,6.0,12,2.0,0.0,0.0,0.0,29.0
1,3,4,1506,1440,2010,2032,210.0,183.0,20.0,26,1588,6.0,15,18.0,0.0,0.0,0.0,2.0
1,3,4,1611,1535,1825,538,110.0,73.0,24.0,36,520,3.0,22,9.0,0.0,0.0,0.0,15.0
1,3,4,2118,2015,2115,219,60.0,46.0,69.0,63,223,3.0,17,17.0,0.0,6.0,0.0,46.0
1,3,4,1818,1740,1840,391,60.0,46.0,36.0,38,223,2.0,10,20.0,0.0,0.0,0.0,16.0
1,3,4,2146,2055,2155,815,60.0,48.0,55.0,51,223,3.0,13,4.0,0.0,4.0,0.0,47.0
1,3,4,1409,1355,1500,1328,65.0,50.0,13.0,14,223,2.0,12,0.0,0.0,0.0,0.0,0.0
1,3,4,1100,1050,1155,1586,65.0,46.0,2.0,10,223,2.0,9,0.0,0.0,0.0,0.0,0.0
1,3,4,1306,1250,1355,1838,65.0,47.0,11.0,16,223,2.0,11,0.0,0.0,0.0,0.0,0.0
1,3,4,1726,1630,1740,2284,70.0,46.0,52.0,56,223,2.0,18,1.0,0.0,0.0,0.0,51.0
1,3,4,1229,1220,1325,2874,65.0,47.0,17.0,9,223,2.0,24,9.0,0.0,8.0,0.0,0.0
1,3,4,908,845,1610,1774,265.0,244.0,18.0,23,2106,6.0,10,18.0,0.0,0.0,0.0,0.0
1,3,4,956,945,1645,818,240.0,213.0,13.0,11,1825,8.0,21,0.0,0.0,0.0,0.0,0.0
1,3,4,1210,1200,1850,991,230.0,201.0,15.0,10,1772,6.0,28,10.0,0.0,5.0,0.0,0.0
1,3,4,1047,1030,1320,157,110.0,79.0,8.0,17,629,9.0,13,0.0,0.0,0.0,0.0,0.0
1,3,4,1512,1315,1610,706,115.0,88.0,112.0,117,629,8.0,14,0.0,0.0,0.0,0.0,112.0
1,3,4,2025,1955,2245,908,110.0,78.0,16.0,30,629,6.0,12,7.0,0.0,0.0,0.0,9.0
1,3,4,1439,1425,1720,1582,115.0,85.0,0.0,14,629,7.0,9,0.0,0.0,0.0,0.0,0.0
1,3,4,1627,1600,1900,2907,120.0,80.0,16.0,27,629,8.0,21,2.0,0.0,0.0,0.0,14.0
1,3,4,1745,1710,1945,2192,95.0,78.0,32.0,35,584,2.0,12,10.0,0.0,0.0,0.0,22.0
1,3,4,1049,1040,1320,2280,100.0,73.0,0.0,9,584,3.0,15,0.0,0.0,0.0,0.0,0.0
1,3,4,1117,1050,1325,1636,155.0,116.0,0.0,27,806,3.0,9,0.0,0.0,0.0,0.0,0.0
1,3,4,1725,1620,1850,2803,150.0,116.0,50.0,65,806,4.0,15,50.0,0.0,0.0,0.0,0.0
1,3,4,1824,1735,2230,719,175.0,143.0,33.0,49,1235,3.0,13,12.0,0.0,0.0,0.0,21.0
1,3,4,1150,1140,1640,1776,180.0,147.0,4.0,10,1235,3.0,24,0.0,0.0,0.0,0.0,0.0
1,3,4,749,740,1235,3244,175.0,146.0,-8.0,9,1235,3.0,9,0.0,0.0,0.0,0.0,0.0
1,3,4,1555,1525,2245,1027,260.0,232.0,22.0,30,2066,7.0,13,6.0,0.0,0.0,0.0,16.0
1,3,4,1129,1050,1725,3920,215.0,179.0,32.0,39,1591,8.0,21,32.0,0.0,0.0,0.0,0.0
1,3,4,1602,1510,2255,3144,285.0,269.0,62.0,52,2283,4.0,22,13.0,0.0,10.0,0.0,39.0
1,3,4,2207,2150,2255,135,65.0,40.0,11.0,17,236,7.0,12,0.0,0.0,0.0,0.0,0.0
1,3,4,1851,1825,1930,317,65.0,41.0,34.0,26,236,16.0,16,18.0,0.0,8.0,0.0,8.0
1,3,4,701,645,745,337,60.0,42.0,17.0,16,236,7.0,12,16.0,0.0,1.0,0.0,0.0
1,3,4,1556,1455,1600,354,65.0,41.0,64.0,61,236,9.0,18,61.0,0.0,3.0,0.0,0.0
1,3,4,1540,1525,1630,1061,65.0,47.0,18.0,15,236,5.0,16,10.0,0.0,3.0,0.0,5.0
1,3,4,1228,1200,1310,1928,70.0,43.0,30.0,28,236,7.0,22,0.0,0.0,2.0,0.0,28.0
1,3,4,2047,2005,2115,2367,70.0,45.0,54.0,42,236,7.0,30,15.0,0.0,12.0,0.0,27.0
1,3,4,2158,2120,2225,2896,65.0,44.0,38.0,38,236,11.0,10,13.0,0.0,0.0,0.0,25.0
1,3,4,1147,1100,1500,2382,120.0,90.0,41.0,47,775,4.0,20,25.0,0.0,0.0,0.0,16.0
1,3,4,859,850,1345,565,175.0,148.0,-2.0,9,1295,4.0,12,0.0,0.0,0.0,0.0,0.0
1,3,4,1140,1110,1510,43,120.0,95.0,27.0,30,796,2.0,20,27.0,0.0,0.0,0.0,0.0
1,3,4,1226,1210,1700,213,170.0,139.0,21.0,16,1140,4.0,32,1.0,0.0,5.0,0.0,15.0
1,3,4,2003,1905,2350,1004,165.0,130.0,36.0,58,1140,5.0,8,4.0,0.0,0.0,0.0,32.0
1,3,4,1622,1510,2000,1405,170.0,130.0,59.0,72,1140,4.0,23,59.0,0.0,0.0,0.0,0.0
1,3,4,1003,940,1430,3068,170.0,136.0,11.0,23,1140,5.0,17,0.0,0.0,0.0,0.0,0.0
1,3,4,1319,1300,2025,380,265.0,234.0,8.0,19,2039,6.0,14,0.0,0.0,0.0,0.0,0.0
1,3,4,1424,1415,1945,396,210.0,177.0,-4.0,9,1521,8.0,12,0.0,0.0,0.0,0.0,0.0
1,3,4,814,755,1320,823,205.0,181.0,14.0,19,1521,6.0,13,0.0,0.0,0.0,0.0,0.0
1,3,4,1708,1700,2230,1865,210.0,169.0,-16.0,8,1521,6.0,11,0.0,0.0,0.0,0.0,0.0
1,3,4,1945,1815,2335,2450,200.0,168.0,77.0,90,1521,8.0,11,13.0,0.0,0.0,0.0,64.0
1,3,4,1354,1310,1845,3232,215.0,177.0,22.0,44,1521,6.0,10,4.0,0.0,0.0,0.0,18.0
1,3,4,1903,1825,2340,3327,195.0,166.0,25.0,38,1501,4.0,12,3.0,0.0,0.0,0.0,22.0
1,3,4,1354,1345,1520,127,95.0,74.0,5.0,9,407,4.0,13,0.0,0.0,0.0,0.0,0.0
1,3,4,1944,1740,1915,223,95.0,72.0,115.0,124,407,5.0,9,21.0,0.0,0.0,0.0,94.0
1,3,4,1251,1205,1345,237,100.0,76.0,40.0,46,407,3.0,15,2.0,0.0,0.0,0.0,38.0
1,3,4,1548,1505,1635,280,90.0,78.0,53.0,43,407,4.0,18,14.0,0.0,10.0,0.0,29.0
1,3,4,2216,2125,2255,900,90.0,78.0,53.0,51,407,4.0,10,11.0,0.0,2.0,0.0,40.0
1,3,4,1433,1420,1555,1011,95.0,79.0,13.0,13,407,4.0,12,0.0,0.0,0.0,0.0,0.0
1,3,4,935,925,1055,1258,90.0,71.0,11.0,10,407,3.0,17,0.0,0.0,0.0,0.0,0.0
1,3,4,2035,2020,2150,3135,90.0,81.0,19.0,15,407,3.0,10,15.0,0.0,4.0,0.0,0.0
1,3,4,1152,1145,1605,86,140.0,116.0,11.0,7,987,4.0,24,0.0,0.0,0.0,0.0,0.0
1,3,4,1435,1315,1755,479,160.0,132.0,64.0,80,1099,3.0,9,38.0,0.0,0.0,0.0,26.0
1,3,4,2049,1920,2355,875,155.0,125.0,71.0,89,1099,2.0,10,32.0,0.0,0.0,0.0,39.0
1,3,4,2015,1945,2040,725,55.0,34.0,21.0,30,197,4.0,8,3.0,0.0,0.0,0.0,18.0
1,3,4,1102,1030,1125,906,55.0,36.0,27.0,32,197,3.0,11,27.0,0.0,0.0,0.0,0.0
1,3,4,2218,2120,2210,1493,50.0,36.0,58.0,58,197,5.0,9,0.0,0.0,20.0,0.0,38.0
1,3,4,851,835,930,1670,55.0,34.0,8.0,16,197,5.0,8,0.0,0.0,0.0,0.0,0.0
1,3,4,1230,1215,1310,2018,55.0,36.0,21.0,15,197,4.0,21,0.0,0.0,6.0,0.0,15.0
1,3,4,1838,1800,1855,2730,55.0,32.0,35.0,38,197,3.0,17,0.0,0.0,0.0,0.0,35.0
1,3,4,1358,1330,1425,3070,55.0,37.0,24.0,28,197,4.0,10,4.0,0.0,0.0,0.0,20.0
1,3,4,1816,1755,2015,700,140.0,112.0,7.0,21,762,4.0,10,0.0,0.0,0.0,0.0,0.0
1,3,4,2134,2040,2300,2550,140.0,112.0,43.0,54,762,3.0,14,12.0,0.0,0.0,0.0,31.0
1,3,4,1127,1045,1835,1285,290.0,245.0,21.0,42,2176,5.0,19,18.0,0.0,0.0,0.0,3.0
1,3,4,712,705,915,243,70.0,49.0,17.0,7,256,7.0,24,0.0,0.0,10.0,0.0,7.0
1,3,4,1327,1320,1530,287,70.0,50.0,3.0,7,256,5.0,11,0.0,0.0,0.0,0.0,0.0
1,3,4,1817,1810,2015,504,65.0,47.0,1.0,7,256,4.0,8,0.0,0.0,0.0,0.0,0.0
1,3,4,1807,1740,1950,559,70.0,49.0,21.0,27,256,5.0,10,2.0,0.0,0.0,0.0,19.0
1,3,4,1712,1545,1750,668,65.0,48.0,84.0,87,256,4.0,10,6.0,0.0,0.0,0.0,78.0
1,3,4,1134,1110,1315,781,65.0,46.0,28.0,24,256,8.0,15,9.0,0.0,4.0,0.0,15.0
1,3,4,2156,2110,2310,1403,60.0,43.0,43.0,46,256,5.0,9,2.0,0.0,0.0,0.0,41.0
1,3,4,2140,2040,2240,1682,60.0,40.0,54.0,60,256,3.0,11,2.0,0.0,0.0,0.0,52.0
1,3,4,1521,1450,1655,2726,65.0,46.0,30.0,31,256,5.0,13,16.0,0.0,0.0,0.0,14.0
1,3,4,2100,1945,2150,2991,65.0,43.0,65.0,75,256,4.0,8,48.0,0.0,0.0,0.0,17.0
1,3,4,1657,1630,1845,3517,75.0,49.0,20.0,27,256,5.0,14,2.0,0.0,0.0,0.0,18.0
1,3,4,926,915,1120,3598,65.0,44.0,9.0,11,256,5.0,14,0.0,0.0,0.0,0.0,0.0
1,3,4,927,915,1620,594,245.0,218.0,11.0,12,1910,7.0,19,0.0,0.0,0.0,0.0,0.0
1,3,4,1630,1600,2350,416,290.0,266.0,33.0,30,2363,4.0,23,6.0,0.0,3.0,0.0,24.0
1,3,4,1136,1120,1840,170,260.0,231.0,12.0,16,2027,6.0,19,0.0,0.0,0.0,0.0,0.0
1,3,4,1716,1630,1755,239,85.0,60.0,35.0,46,345,4.0,10,11.0,0.0,0.0,0.0,24.0
1,3,4,1928,1855,2015,298,80.0,54.0,19.0,33,345,4.0,8,9.0,0.0,0.0,0.0,10.0
1,3,4,1741,1730,1850,675,80.0,57.0,15.0,11,345,14.0,13,0.0,0.0,4.0,0.0,11.0
1,3,4,1609,1540,1700,709,80.0,55.0,32.0,29,345,7.0,21,26.0,0.0,3.0,0.0,3.0
1,3,4,913,840,955,891,75.0,61.0,34.0,33,345,3.0,12,8.0,0.0,1.0,0.0,25.0
1,3,4,2215,2200,2315,1341,75.0,57.0,19.0,15,345,4.0,18,6.0,0.0,4.0,0.0,9.0
1,3,4,2137,2040,2155,2273,75.0,56.0,56.0,57,345,4.0,14,0.0,0.0,0.0,0.0,56.0
1,3,4,1100,1020,1145,2719,85.0,54.0,25.0,40,345,4.0,12,0.0,0.0,1.0,0.0,24.0
1,3,4,1313,1255,1415,3430,80.0,57.0,22.0,18,345,4.0,23,8.0,0.0,4.0,0.0,10.0
1,3,4,1415,1350,1510,3835,80.0,56.0,17.0,25,345,4.0,12,9.0,0.0,0.0,0.0,8.0
1,3,4,1348,1330,1435,341,65.0,51.0,20.0,18,258,2.0,14,8.0,0.0,2.0,0.0,10.0
1,3,4,2140,2050,2150,708,60.0,45.0,50.0,50,258,3.0,12,21.0,0.0,0.0,0.0,29.0
1,3,4,1643,1625,1735,715,70.0,46.0,16.0,18,258,4.0,18,4.0,0.0,0.0,0.0,12.0
1,3,4,946,940,1045,1037,65.0,46.0,0.0,6,258,2.0,11,0.0,0.0,0.0,0.0,0.0
1,3,4,1915,1905,2005,1254,60.0,44.0,11.0,10,258,4.0,13,0.0,0.0,0.0,0.0,0.0
1,3,4,1839,1740,1840,2186,60.0,44.0,65.0,59,258,4.0,18,5.0,0.0,6.0,0.0,54.0
1,3,4,2207,2125,2225,2211,60.0,49.0,42.0,42,258,3.0,8,17.0,0.0,0.0,0.0,25.0
1,3,4,1503,1425,1530,2357,65.0,48.0,34.0,38,258,3.0,10,9.0,0.0,0.0,0.0,25.0
1,3,4,1613,1515,1615,2363,60.0,47.0,72.0,58,258,3.0,24,0.0,0.0,19.0,0.0,53.0
1,3,4,2248,2155,2255,2449,60.0,45.0,51.0,53,258,3.0,10,12.0,0.0,0.0,0.0,39.0
1,3,4,1118,1110,1215,3423,65.0,50.0,10.0,8,258,3.0,14,0.0,0.0,0.0,0.0,0.0
1,3,4,1456,1445,1920,120,155.0,126.0,0.0,11,1069,4.0,14,0.0,0.0,0.0,0.0,0.0
1,3,4,1049,1040,1510,2113,150.0,127.0,-1.0,9,1069,4.0,9,0.0,0.0,0.0,0.0,0.0
1,3,4,1704,1645,1930,340,165.0,129.0,-1.0,19,866,7.0,9,0.0,0.0,0.0,0.0,0.0
1,3,4,2017,2005,2245,563,160.0,129.0,-4.0,12,866,5.0,10,0.0,0.0,0.0,0.0,0.0
1,3,4,1117,1050,1330,2465,160.0,119.0,0.0,27,866,7.0,7,0.0,0.0,0.0,0.0,0.0
1,3,4,1426,1355,1530,488,95.0,75.0,35.0,31,414,3.0,21,0.0,0.0,22.0,0.0,13.0
1,3,4,1009,910,1045,619,95.0,76.0,63.0,59,414,3.0,20,0.0,0.0,54.0,0.0,9.0
1,3,4,2025,1905,2040,2788,95.0,88.0,88.0,80,414,4.0,11,0.0,0.0,63.0,0.0,25.0
1,3,4,1307,1235,1400,12,85.0,71.0,32.0,32,386,4.0,10,4.0,0.0,0.0,0.0,28.0
1,3,4,2017,1945,2105,400,80.0,70.0,39.0,32,386,4.0,13,2.0,0.0,7.0,0.0,30.0
1,3,4,2114,2040,2200,774,80.0,69.0,41.0,34,386,8.0,10,34.0,0.0,7.0,0.0,0.0
1,3,4,1605,1520,1645,783,85.0,68.0,54.0,45,386,5.0,21,10.0,0.0,9.0,0.0,35.0
1,3,4,1734,1655,1820,3844,85.0,66.0,37.0,39,386,5.0,12,9.0,0.0,0.0,0.0,28.0
1,3,4,1139,1100,1320,161,80.0,54.0,48.0,39,368,6.0,29,39.0,0.0,9.0,0.0,0.0
1,3,4,2104,1905,2120,415,75.0,58.0,114.0,119,368,2.0,10,25.0,0.0,0.0,0.0,89.0
1,3,4,919,830,1050,643,80.0,55.0,42.0,49,368,4.0,14,3.0,0.0,0.0,0.0,39.0
1,3,4,2113,2050,2305,1166,75.0,58.0,23.0,23,368,3.0,14,4.0,0.0,0.0,0.0,19.0
1,3,4,1712,1555,1820,1585,85.0,62.0,75.0,77,368,4.0,17,0.0,0.0,6.0,0.0,69.0
1,3,4,1419,1355,1615,1660,80.0,55.0,12.0,24,368,2.0,11,0.0,0.0,0.0,0.0,0.0
1,3,4,2242,2140,2355,2533,75.0,55.0,59.0,62,368,4.0,13,0.0,0.0,10.0,0.0,49.0
1,3,4,1949,1910,2035,94,85.0,66.0,35.0,39,397,5.0,10,25.0,0.0,0.0,0.0,10.0
1,3,4,1409,1350,1520,584,90.0,74.0,19.0,19,397,6.0,10,19.0,0.0,0.0,0.0,0.0
1,3,4,1821,1730,1855,641,85.0,67.0,51.0,51,397,6.0,12,9.0,0.0,0.0,0.0,42.0
1,3,4,916,905,1035,2121,90.0,68.0,11.0,11,397,4.0,18,0.0,0.0,0.0,0.0,0.0
1,3,4,1134,1115,1250,2622,95.0,66.0,12.0,19,397,5.0,17,0.0,0.0,0.0,0.0,0.0
1,3,4,1527,1515,1645,3053,90.0,68.0,3.0,12,397,4.0,9,0.0,0.0,0.0,0.0,0.0
1,3,4,2115,2100,2225,3862,85.0,64.0,11.0,15,397,4.0,13,0.0,0.0,0.0,0.0,0.0
1,3,4,1917,1820,1925,433,65.0,40.0,49.0,57,226,7.0,10,16.0,0.0,0.0,0.0,33.0
1,3,4,1125,1010,1110,1016,60.0,45.0,74.0,75,226,5.0,9,9.0,0.0,0.0,0.0,65.0
1,3,4,1143,1050,1600,773,190.0,151.0,41.0,53,1372,3.0,24,2.0,0.0,0.0,0.0,39.0
1,3,4,1558,1530,2040,1050,190.0,150.0,9.0,28,1372,4.0,17,0.0,0.0,0.0,0.0,0.0
1,3,4,1940,1855,2355,1583,180.0,157.0,34.0,45,1372,3.0,9,22.0,0.0,0.0,0.0,12.0
1,3,4,1143,1035,1505,574,150.0,126.0,76.0,68,1076,3.0,29,0.0,0.0,14.0,0.0,62.0
1,3,4,2211,2115,2330,486,75.0,53.0,47.0,56,365,4.0,9,5.0,0.0,0.0,0.0,42.0
1,3,4,1821,1725,1940,637,75.0,56.0,52.0,56,365,4.0,11,24.0,0.0,0.0,0.0,28.0
1,3,4,1341,1320,1535,1918,75.0,55.0,21.0,21,365,3.0,17,8.0,0.0,0.0,0.0,13.0
1,3,4,2108,2030,2240,3142,70.0,53.0,33.0,38,365,4.0,8,8.0,0.0,0.0,0.0,25.0
1,3,4,1118,1050,1305,3572,75.0,54.0,28.0,28,365,3.0,18,0.0,0.0,0.0,0.0,28.0
1,3,4,1735,1710,1955,230,105.0,81.0,15.0,25,677,4.0,10,0.0,0.0,4.0,0.0,11.0
1,3,4,2105,2025,2310,361,105.0,82.0,32.0,40,677,6.0,9,0.0,0.0,11.0,0.0,21.0
1,3,4,1328,1315,1600,397,105.0,80.0,11.0,13,677,18.0,5,0.0,0.0,0.0,0.0,0.0
1,3,4,1024,1015,1505,304,170.0,148.0,-1.0,9,1242,5.0,7,0.0,0.0,0.0,0.0,0.0
1,3,4,1632,1540,2125,1107,225.0,203.0,42.0,52,1797,4.0,8,0.0,0.0,18.0,0.0,24.0
1,3,4,1327,1255,1840,1324,225.0,200.0,22.0,32,1797,4.0,11,10.0,0.0,0.0,0.0,12.0
1,3,4,1330,1320,1615,330,115.0,86.0,-6.0,10,714,3.0,10,0.0,0.0,0.0,0.0,0.0
1,3,4,1925,1735,2025,1671,110.0,85.0,96.0,110,714,3.0,8,5.0,0.0,0.0,0.0,91.0
1,3,4,1005,945,1235,2635,110.0,88.0,15.0,20,714,3.0,14,7.0,0.0,0.0,0.0,8.0
1,3,4,1742,1625,2125,528,180.0,157.0,66.0,77,1390,4.0,8,11.0,0.0,0.0,0.0,55.0
1,3,4,1501,1425,1530,416,65.0,41.0,24.0,36,236,4.0,8,18.0,0.0,0.0,0.0,6.0
1,3,4,1205,1135,1240,479,65.0,47.0,33.0,30,236,3.0,18,16.0,0.0,3.0,0.0,14.0
1,3,4,1652,1640,1745,495,65.0,41.0,3.0,12,236,8.0,7,0.0,0.0,0.0,0.0,0.0
1,3,4,922,855,1000,574,65.0,44.0,62.0,27,236,4.0,52,13.0,0.0,35.0,0.0,14.0
1,3,4,1835,1740,1840,1004,60.0,42.0,51.0,55,236,6.0,8,0.0,0.0,4.0,0.0,47.0
1,3,4,2109,2100,2205,2202,65.0,41.0,7.0,9,236,4.0,18,0.0,0.0,0.0,0.0,0.0
1,3,4,2237,2140,2245,2454,65.0,47.0,50.0,57,236,3.0,8,3.0,0.0,0.0,0.0,47.0
1,3,4,2025,1955,2055,2809,60.0,43.0,25.0,30,236,4.0,8,0.0,0.0,0.0,0.0,25.0
1,3,4,1423,1335,1440,3144,65.0,42.0,39.0,48,236,5.0,9,11.0,0.0,0.0,0.0,28.0
1,3,4,1337,1310,1825,321,195.0,154.0,0.0,27,1363,5.0,9,0.0,0.0,0.0,0.0,0.0
1,3,4,1142,1125,1640,1668,195.0,156.0,-14.0,17,1363,3.0,5,0.0,0.0,0.0,0.0,0.0
1,3,4,1928,1835,2345,2208,190.0,159.0,37.0,53,1363,6.0,9,17.0,0.0,0.0,0.0,20.0
1,3,4,1713,1625,2215,108,230.0,192.0,27.0,48,1750,7.0,10,5.0,0.0,0.0,0.0,22.0
1,3,4,1255,1240,1835,245,235.0,201.0,-10.0,15,1750,4.0,5,0.0,0.0,0.0,0.0,0.0
1,3,4,1001,945,1540,1014,235.0,201.0,10.0,16,1750,21.0,7,0.0,0.0,0.0,0.0,0.0
1,3,4,1831,1755,2350,3588,235.0,195.0,11.0,36,1750,6.0,9,0.0,0.0,0.0,0.0,0.0
1,3,4,1030,1000,1115,184,75.0,62.0,27.0,30,337,3.0,7,0.0,0.0,0.0,0.0,27.0
1,3,4,2004,1900,2015,303,75.0,66.0,72.0,64,337,4.0,13,0.0,0.0,13.0,0.0,59.0
1,3,4,923,900,1015,418,75.0,63.0,59.0,23,337,4.0,44,0.0,0.0,36.0,0.0,23.0
1,3,4,1419,1400,1515,420,75.0,65.0,19.0,19,337,4.0,6,12.0,0.0,0.0,0.0,7.0
1,3,4,1522,1500,1615,430,75.0,65.0,23.0,22,337,5.0,6,7.0,0.0,1.0,0.0,15.0
1,3,4,1803,1730,1845,440,75.0,67.0,48.0,33,337,5.0,18,6.0,0.0,15.0,0.0,27.0
1,3,4,2146,2100,2215,724,75.0,65.0,49.0,46,337,4.0,9,0.0,0.0,3.0,0.0,46.0
1,3,4,2001,1930,2045,810,75.0,64.0,33.0,31,337,4.0,9,0.0,0.0,2.0,0.0,31.0
1,3,4,1827,1800,1915,829,75.0,63.0,30.0,27,337,4.0,11,0.0,0.0,3.0,0.0,27.0
1,3,4,1904,1830,1945,1026,75.0,64.0,34.0,34,337,6.0,5,0.0,0.0,0.0,0.0,34.0
1,3,4,1450,1430,1545,1032,75.0,64.0,22.0,20,337,5.0,8,0.0,0.0,2.0,0.0,20.0
1,3,4,1722,1700,1815,1061,75.0,63.0,21.0,22,337,4.0,7,4.0,0.0,0.0,0.0,17.0
1,3,4,1820,1630,1745,1135,75.0,71.0,118.0,110,337,4.0,8,0.0,0.0,8.0,3.0,107.0
1,3,4,1623,1600,1715,1168,75.0,70.0,38.0,23,337,13.0,7,0.0,0.0,15.0,0.0,23.0
1,3,4,2008,2000,2115,1414,75.0,67.0,21.0,8,337,5.0,16,5.0,0.0,13.0,0.0,3.0
1,3,4,808,800,915,2639,75.0,62.0,6.0,8,337,3.0,8,0.0,0.0,0.0,0.0,0.0
1,3,4,1206,1200,1315,3655,75.0,63.0,13.0,6,337,4.0,15,0.0,0.0,0.0,0.0,0.0
1,3,4,1609,1600,1815,90,75.0,56.0,4.0,9,370,5.0,9,0.0,0.0,0.0,0.0,0.0
1,3,4,1811,1725,1940,109,75.0,52.0,36.0,46,370,6.0,7,5.0,0.0,0.0,0.0,31.0
1,3,4,1851,1830,2045,314,75.0,59.0,14.0,21,370,3.0,6,0.0,0.0,0.0,0.0,0.0
1,3,4,2020,1905,2115,386,70.0,56.0,70.0,75,370,4.0,5,0.0,0.0,0.0,0.0,70.0
1,3,4,1204,1150,1405,463,75.0,53.0,2.0,14,370,3.0,7,0.0,0.0,0.0,0.0,0.0
1,3,4,2116,2040,2250,520,70.0,53.0,28.0,36,370,3.0,6,5.0,0.0,0.0,0.0,23.0
1,3,4,1556,1440,1655,746,75.0,52.0,69.0,76,370,4.0,12,69.0,0.0,0.0,0.0,0.0
1,3,4,1040,1005,1220,1058,75.0,50.0,21.0,35,370,4.0,7,15.0,0.0,0.0,0.0,6.0
1,3,4,940,920,1135,1155,75.0,52.0,14.0,20,370,6.0,11,0.0,0.0,0.0,0.0,0.0
1,3,4,1419,1335,1550,2015,75.0,53.0,34.0,44,370,3.0,9,11.0,0.0,0.0,0.0,23.0
1,3,4,1738,1720,1835,225,75.0,58.0,13.0,18,390,4.0,8,0.0,0.0,0.0,0.0,0.0
1,3,4,853,845,1005,1844,80.0,56.0,-5.0,8,390,5.0,6,0.0,0.0,0.0,0.0,0.0
1,3,4,1422,1400,1520,2360,80.0,60.0,12.0,22,390,3.0,7,0.0,0.0,0.0,0.0,0.0
1,3,4,1159,1150,1635,2624,165.0,141.0,0.0,9,1210,3.0,12,0.0,0.0,0.0,0.0,0.0
1,3,4,2008,1805,1930,646,85.0,70.0,129.0,123,337,5.0,16,0.0,24.0,6.0,0.0,99.0
1,3,4,1625,1430,1550,656,80.0,67.0,118.0,115,337,3.0,13,0.0,0.0,5.0,0.0,113.0
1,3,4,1600,1455,1600,173,65.0,54.0,74.0,65,308,5.0,15,14.0,0.0,9.0,0.0,51.0
1,3,4,1556,1525,1630,232,65.0,53.0,35.0,31,308,3.0,13,0.0,0.0,18.0,0.0,17.0
1,3,4,2056,2000,2105,343,65.0,56.0,58.0,56,308,5.0,6,21.0,0.0,2.0,0.0,35.0
1,3,4,1159,1130,1235,769,65.0,48.0,24.0,29,308,5.0,7,0.0,0.0,9.0,0.0,15.0
1,3,4,2140,2035,2140,1113,65.0,54.0,69.0,65,308,6.0,9,0.0,12.0,4.0,0.0,53.0
1,3,4,1455,1425,1530,1609,65.0,49.0,27.0,30,308,5.0,8,23.0,0.0,0.0,0.0,4.0
1,3,4,1925,1825,1930,2359,65.0,49.0,54.0,60,308,3.0,7,0.0,0.0,6.0,0.0,48.0
1,3,4,1311,1240,1350,2820,70.0,53.0,24.0,31,308,4.0,6,7.0,0.0,0.0,0.0,17.0
1,3,4,1014,1000,1105,2969,65.0,51.0,15.0,14,308,4.0,11,5.0,0.0,1.0,0.0,9.0
1,3,4,1709,1700,1805,3149,65.0,55.0,10.0,9,308,4.0,7,0.0,0.0,0.0,0.0,0.0
1,3,4,1357,1330,1615,554,105.0,79.0,11.0,27,590,3.0,7,0.0,0.0,0.0,0.0,0.0
1,3,4,1114,1045,1330,963,105.0,80.0,17.0,29,590,3.0,10,4.0,0.0,0.0,0.0,13.0
1,3,4,2117,2010,2255,1485,105.0,84.0,60.0,67,590,4.0,10,0.0,0.0,1.0,0.0,59.0
1,3,4,1742,1650,1935,2899,105.0,82.0,46.0,52,590,4.0,13,8.0,0.0,0.0,0.0,38.0
1,3,4,1108,1100,1220,92,80.0,59.0,6.0,8,373,5.0,14,0.0,0.0,0.0,0.0,0.0
1,3,4,821,810,930,337,80.0,59.0,6.0,11,373,5.0,11,0.0,0.0,0.0,0.0,0.0
1,3,4,2013,1910,2025,1015,75.0,58.0,56.0,63,373,3.0,7,0.0,0.0,0.0,0.0,56.0
1,3,4,949,900,1020,1486,80.0,61.0,43.0,49,373,5.0,8,40.0,0.0,0.0,0.0,3.0
1,3,4,2215,2125,2245,2437,80.0,58.0,36.0,50,373,3.0,5,1.0,0.0,0.0,0.0,35.0
1,3,4,1524,1505,1620,2720,75.0,59.0,14.0,19,373,4.0,7,0.0,0.0,0.0,0.0,0.0
1,3,4,1441,1350,1510,2985,80.0,56.0,39.0,51,373,4.0,8,8.0,0.0,0.0,0.0,31.0
1,3,4,1743,1715,1830,3155,75.0,59.0,23.0,28,373,4.0,7,8.0,0.0,0.0,0.0,15.0
1,3,4,2049,2035,2155,3584,80.0,62.0,9.0,14,373,6.0,7,0.0,0.0,0.0,0.0,0.0
1,3,4,1725,1655,2225,71,210.0,179.0,13.0,30,1593,4.0,10,0.0,0.0,0.0,0.0,0.0
1,3,4,1356,1345,1600,75,75.0,60.0,8.0,11,451,3.0,9,0.0,0.0,0.0,0.0,0.0
1,3,4,2005,1850,2105,1044,75.0,61.0,74.0,75,451,3.0,10,0.0,0.0,0.0,0.0,74.0
1,3,4,1052,1040,1300,3831,80.0,60.0,1.0,12,451,4.0,5,0.0,0.0,0.0,0.0,0.0
1,3,4,2110,2040,2300,3939,80.0,61.0,26.0,30,451,5.0,10,0.0,0.0,0.0,0.0,26.0
1,3,4,1825,1745,1850,555,65.0,47.0,31.0,40,341,4.0,5,4.0,0.0,0.0,0.0,27.0
1,3,4,1016,1010,1110,21,60.0,49.0,9.0,6,293,3.0,11,0.0,0.0,0.0,0.0,0.0
1,3,4,1402,1340,1440,35,60.0,50.0,21.0,22,293,2.0,7,3.0,0.0,0.0,0.0,18.0
1,3,4,1652,1640,1740,141,60.0,48.0,8.0,12,293,3.0,5,0.0,0.0,0.0,0.0,0.0
1,3,4,1825,1815,1915,1312,60.0,47.0,8.0,10,293,5.0,6,0.0,0.0,0.0,0.0,0.0
1,3,4,1606,1525,1625,2382,60.0,50.0,40.0,41,293,3.0,6,0.0,0.0,0.0,0.0,40.0
1,3,4,1654,1550,1900,438,130.0,121.0,66.0,64,912,3.0,8,6.0,0.0,2.0,0.0,58.0
1,3,4,1516,1500,1605,41,65.0,49.0,9.0,16,296,3.0,6,0.0,0.0,0.0,0.0,0.0
1,3,4,1752,1705,1810,49,65.0,49.0,44.0,47,296,4.0,9,0.0,0.0,0.0,0.0,44.0
1,3,4,1251,1235,1340,700,65.0,48.0,8.0,16,296,3.0,6,0.0,0.0,0.0,0.0,0.0
1,3,4,1108,1100,1205,2177,65.0,49.0,1.0,8,296,3.0,6,0.0,0.0,0.0,0.0,0.0
1,3,4,2029,1950,2055,2263,65.0,49.0,32.0,39,296,3.0,6,0.0,0.0,0.0,0.0,32.0
1,3,4,1417,1405,1530,231,85.0,71.0,5.0,12,393,2.0,5,0.0,0.0,0.0,0.0,0.0
1,3,4,1319,1310,1440,3053,210.0,188.0,0.0,9,1295,5.0,8,0.0,0.0,0.0,0.0,0.0
1,3,4,1846,1815,1920,3168,65.0,53.0,31.0,31,296,4.0,8,4.0,0.0,0.0,0.0,27.0
1,3,4,1852,1830,1925,2374,55.0,40.0,17.0,22,294,3.0,7,0.0,0.0,0.0,0.0,17.0
1,3,4,1602,1535,1635,43,60.0,46.0,26.0,27,319,3.0,10,0.0,0.0,0.0,0.0,26.0
1,3,4,1836,1805,1905,53,60.0,46.0,25.0,31,319,3.0,5,0.0,0.0,0.0,0.0,25.0
1,3,4,1956,1945,2045,271,60.0,46.0,11.0,11,319,2.0,12,0.0,0.0,0.0,0.0,0.0
1,3,4,944,915,1015,914,60.0,53.0,31.0,29,319,2.0,7,0.0,0.0,2.0,0.0,29.0
1,3,4,1625,1450,1605,3828,75.0,57.0,86.0,95,441,2.0,7,85.0,0.0,0.0,0.0,1.0
1,3,4,1739,1730,1750,317,140.0,123.0,8.0,9,796,4.0,12,0.0,0.0,0.0,0.0,0.0
1,3,4,1905,1850,2000,1493,130.0,106.0,10.0,15,718,5.0,14,0.0,0.0,0.0,0.0,0.0
1,3,4,856,850,1000,1655,130.0,102.0,-10.0,6,718,4.0,8,0.0,0.0,0.0,0.0,0.0
1,3,4,1159,1150,1310,290,80.0,69.0,15.0,9,491,5.0,12,6.0,0.0,6.0,0.0,3.0
1,3,4,2130,2115,2235,1568,80.0,65.0,25.0,15,491,11.0,14,0.0,0.0,10.0,0.0,15.0
1,3,4,1404,1350,1710,3320,140.0,125.0,16.0,14,967,9.0,8,10.0,0.0,2.0,0.0,4.0
1,3,4,1958,1930,2250,3829,140.0,118.0,20.0,28,967,5.0,9,0.0,0.0,0.0,0.0,20.0
1,3,4,937,910,1040,19,90.0,71.0,22.0,27,461,4.0,10,2.0,0.0,0.0,0.0,20.0
1,3,4,1251,1235,1405,33,90.0,70.0,10.0,16,461,4.0,10,0.0,0.0,0.0,0.0,0.0
1,3,4,2009,1910,2040,59,90.0,70.0,52.0,59,461,2.0,11,0.0,0.0,0.0,0.0,52.0
1,3,4,1101,1055,1145,454,110.0,84.0,-3.0,6,533,6.0,11,0.0,0.0,0.0,0.0,0.0
1,3,4,1917,1855,1940,977,105.0,88.0,19.0,22,533,6.0,8,3.0,0.0,0.0,0.0,16.0
1,3,4,1502,1440,1525,1151,105.0,83.0,15.0,22,533,5.0,10,12.0,0.0,0.0,0.0,3.0
1,3,4,643,630,720,1235,110.0,83.0,6.0,13,533,9.0,11,0.0,0.0,0.0,0.0,0.0
1,3,4,1038,1010,1230,4,80.0,63.0,29.0,28,451,8.0,10,3.0,0.0,1.0,0.0,25.0
1,3,4,1920,1850,2110,321,80.0,61.0,30.0,30,451,9.0,10,30.0,0.0,0.0,0.0,0.0
1,3,4,1429,1420,1535,187,195.0,168.0,-4.0,9,1140,4.0,10,0.0,0.0,0.0,0.0,0.0
1,3,4,1801,1725,1835,962,190.0,164.0,25.0,36,1140,6.0,9,10.0,0.0,0.0,0.0,15.0
1,3,4,725,655,810,1670,195.0,162.0,9.0,30,1140,3.0,9,0.0,0.0,0.0,0.0,0.0
1,3,4,1751,1720,1905,810,225.0,200.0,33.0,31,1363,18.0,9,31.0,0.0,2.0,0.0,0.0
1,3,4,645,635,820,1844,225.0,196.0,2.0,10,1363,10.0,11,0.0,0.0,0.0,0.0,0.0
1,3,4,1518,1455,1640,3155,225.0,203.0,18.0,23,1363,6.0,11,9.0,0.0,0.0,0.0,9.0
1,3,4,1922,1850,2225,730,155.0,135.0,28.0,32,1072,5.0,11,0.0,0.0,0.0,0.0,28.0
1,3,4,1252,1245,1625,1949,160.0,136.0,0.0,7,1072,6.0,11,0.0,0.0,0.0,0.0,0.0
1,3,4,723,705,1050,2279,165.0,134.0,3.0,18,1072,6.0,10,0.0,0.0,0.0,0.0,0.0
1,3,4,2229,2100,2215,48,75.0,60.0,88.0,89,405,5.0,9,1.0,0.0,0.0,0.0,87.0
1,3,4,848,835,955,95,80.0,64.0,13.0,13,405,5.0,11,0.0,0.0,0.0,0.0,0.0
1,3,4,1811,1805,1925,154,80.0,62.0,9.0,6,405,10.0,11,0.0,0.0,0.0,0.0,0.0
1,3,4,1028,1010,1130,308,80.0,66.0,24.0,18,405,8.0,12,16.0,0.0,6.0,0.0,2.0
1,3,4,2014,1935,2055,3915,80.0,60.0,48.0,39,405,20.0,9,0.0,0.0,9.0,0.0,39.0
1,3,4,1548,1530,1735,3307,245.0,228.0,14.0,18,1489,5.0,8,0.0,0.0,0.0,0.0,0.0
1,3,4,1130,1120,1225,449,65.0,50.0,7.0,10,313,2.0,10,0.0,0.0,0.0,0.0,0.0
1,3,4,2135,2125,2235,727,70.0,50.0,4.0,10,313,4.0,10,0.0,0.0,0.0,0.0,0.0
1,3,4,1804,1700,1810,1257,70.0,47.0,68.0,64,313,19.0,8,0.0,0.0,4.0,0.0,64.0
1,3,4,1309,1230,1425,914,235.0,214.0,30.0,39,1481,4.0,8,5.0,0.0,0.0,0.0,25.0
1,3,4,654,640,845,453,185.0,151.0,-6.0,14,1044,4.0,10,0.0,0.0,0.0,0.0,0.0
1,3,4,1644,1635,1830,655,175.0,160.0,9.0,9,1044,5.0,10,0.0,0.0,0.0,0.0,0.0
1,3,4,2128,2025,2220,1579,175.0,162.0,68.0,63,1044,5.0,13,4.0,0.0,5.0,0.0,59.0
1,3,4,1108,1045,1240,3943,175.0,154.0,15.0,23,1044,5.0,8,11.0,0.0,0.0,0.0,4.0
1,3,4,811,755,935,2298,220.0,187.0,2.0,16,1333,12.0,7,0.0,0.0,0.0,0.0,0.0
1,3,4,1518,1430,1640,1308,250.0,214.0,24.0,48,1489,3.0,9,4.0,0.0,0.0,0.0,20.0
1,3,4,1911,1850,2045,102,235.0,208.0,9.0,21,1442,5.0,10,0.0,0.0,0.0,0.0,0.0
1,3,4,1537,1450,1545,283,55.0,37.0,43.0,47,237,4.0,10,0.0,0.0,0.0,0.0,43.0
1,3,4,2037,2020,2115,1230,55.0,36.0,14.0,17,237,4.0,12,0.0,0.0,0.0,0.0,0.0
1,3,4,1929,1835,1930,2039,55.0,36.0,48.0,54,237,5.0,8,0.0,0.0,0.0,0.0,48.0
1,3,4,818,805,1135,629,150.0,131.0,10.0,13,1048,4.0,12,0.0,0.0,0.0,0.0,0.0
1,3,4,1605,1440,1535,132,55.0,37.0,86.0,85,223,4.0,15,0.0,0.0,1.0,0.0,85.0
1,3,4,1102,1030,1125,407,55.0,37.0,27.0,32,223,3.0,10,7.0,0.0,0.0,0.0,20.0
1,3,4,1901,1810,1905,2900,55.0,36.0,44.0,51,223,3.0,9,3.0,0.0,0.0,0.0,41.0
1,3,4,1331,1245,1455,2284,250.0,221.0,33.0,46,1552,5.0,11,4.0,0.0,0.0,0.0,29.0
1,3,4,2002,1955,2235,1744,160.0,148.0,8.0,7,1073,4.0,9,0.0,0.0,0.0,0.0,0.0
1,3,4,1317,1300,1540,3075,160.0,149.0,27.0,17,1073,11.0,10,10.0,0.0,10.0,0.0,7.0
1,3,4,1315,1300,1500,687,180.0,149.0,0.0,15,993,5.0,11,0.0,0.0,0.0,0.0,0.0
1,3,4,1057,1030,1305,1656,155.0,155.0,42.0,27,1050,4.0,11,15.0,0.0,15.0,0.0,12.0
1,3,4,727,715,750,573,95.0,74.0,7.0,12,478,2.0,14,0.0,0.0,0.0,0.0,0.0
1,3,4,1705,1655,1730,2036,95.0,78.0,5.0,10,478,3.0,9,0.0,0.0,0.0,0.0,0.0
1,3,4,1321,1255,1330,2715,95.0,78.0,24.0,26,478,3.0,12,6.0,0.0,0.0,0.0,18.0
1,3,4,1022,1015,1115,1413,120.0,96.0,1.0,7,616,6.0,12,0.0,0.0,0.0,0.0,0.0
1,3,4,1740,1715,1815,3238,120.0,97.0,20.0,25,616,5.0,13,11.0,0.0,0.0,0.0,9.0
1,3,4,643,630,725,3846,115.0,94.0,8.0,13,616,3.0,13,0.0,0.0,0.0,0.0,0.0
1,3,4,656,650,925,322,155.0,147.0,13.0,6,1011,3.0,12,0.0,0.0,0.0,0.0,0.0
1,3,4,1931,1910,2145,3567,155.0,133.0,10.0,21,1011,3.0,8,0.0,0.0,0.0,0.0,0.0
1,3,4,1727,1710,1920,1170,130.0,109.0,9.0,17,787,3.0,10,0.0,0.0,0.0,0.0,0.0
1,3,4,1914,1755,2005,1507,130.0,113.0,77.0,79,787,1.0,14,0.0,0.0,0.0,0.0,77.0
1,3,4,1346,1335,1540,2801,125.0,111.0,14.0,11,787,4.0,13,0.0,0.0,0.0,0.0,0.0
1,3,4,1506,1500,1705,3067,125.0,115.0,25.0,6,787,21.0,8,6.0,0.0,19.0,0.0,0.0
1,3,4,1124,1110,1335,2366,145.0,130.0,15.0,14,895,5.0,11,11.0,0.0,1.0,0.0,3.0
1,3,4,1928,1910,2125,1602,135.0,113.0,18.0,18,802,5.0,17,18.0,0.0,0.0,0.0,0.0
1,3,4,1336,1330,1545,2020,135.0,114.0,-1.0,6,802,3.0,11,0.0,0.0,0.0,0.0,0.0
1,3,4,1544,1525,1740,1063,255.0,225.0,4.0,19,1545,5.0,10,0.0,0.0,0.0,0.0,0.0
1,3,4,1109,1055,1335,399,160.0,147.0,28.0,14,957,9.0,18,5.0,0.0,14.0,0.0,9.0
1,3,4,1654,1625,1905,1023,160.0,137.0,17.0,29,957,4.0,7,3.0,0.0,0.0,0.0,14.0
1,3,4,2103,2055,2155,380,60.0,39.0,3.0,8,178,4.0,12,0.0,0.0,0.0,0.0,0.0
1,3,4,1957,1850,1950,455,60.0,41.0,63.0,67,178,3.0,12,13.0,0.0,0.0,0.0,50.0
1,3,4,1012,950,1050,779,60.0,39.0,23.0,22,178,6.0,16,21.0,0.0,1.0,0.0,1.0
1,3,4,1713,1700,1800,3509,60.0,39.0,10.0,13,178,7.0,11,0.0,0.0,0.0,0.0,0.0
1,3,4,622,615,755,10,160.0,132.0,-5.0,7,848,3.0,13,0.0,0.0,0.0,0.0,0.0
1,3,4,1509,1420,1600,42,160.0,130.0,29.0,49,848,2.0,8,2.0,0.0,0.0,0.0,27.0
1,3,4,1100,1040,1220,430,160.0,134.0,8.0,20,848,3.0,11,0.0,0.0,0.0,0.0,0.0
1,3,4,1806,1740,1920,1491,160.0,134.0,22.0,26,848,4.0,18,11.0,0.0,0.0,0.0,11.0
1,3,4,2105,2045,2225,3046,160.0,131.0,9.0,20,848,4.0,14,0.0,0.0,0.0,0.0,0.0
1,3,4,1234,1220,1425,1317,125.0,111.0,22.0,14,758,4.0,18,14.0,0.0,8.0,0.0,0.0
1,3,4,1912,1840,2105,3256,145.0,126.0,44.0,32,828,8.0,23,31.0,0.0,12.0,0.0,1.0
1,3,4,2100,2030,2255,121,145.0,131.0,29.0,30,972,4.0,9,11.0,0.0,0.0,0.0,18.0
1,3,4,1602,1550,1815,630,145.0,134.0,14.0,12,972,4.0,9,0.0,0.0,0.0,0.0,0.0
1,3,4,1942,1840,2105,3332,145.0,130.0,60.0,62,972,4.0,9,60.0,0.0,0.0,0.0,0.0
1,3,4,1510,1355,1620,3864,145.0,135.0,78.0,75,972,5.0,8,12.0,0.0,3.0,0.0,63.0
1,3,4,1642,1610,1705,186,115.0,91.0,23.0,32,587,4.0,11,23.0,0.0,0.0,0.0,0.0
1,3,4,1024,1015,1230,2354,315.0,291.0,6.0,9,2039,7.0,14,0.0,0.0,0.0,0.0,0.0
1,3,4,1243,1155,1400,1308,185.0,156.0,39.0,48,1072,2.0,18,0.0,0.0,0.0,0.0,39.0
1,3,4,1629,1620,1825,1493,185.0,157.0,-4.0,9,1072,4.0,11,0.0,0.0,0.0,0.0,0.0
1,3,4,642,630,830,2193,180.0,162.0,9.0,12,1072,4.0,11,0.0,0.0,0.0,0.0,0.0
1,3,4,1812,1705,1855,163,170.0,150.0,66.0,67,989,6.0,13,46.0,0.0,0.0,0.0,20.0
1,3,4,1840,1805,1955,172,170.0,140.0,27.0,35,989,7.0,15,22.0,0.0,0.0,0.0,5.0
1,3,4,622,615,805,561,170.0,152.0,12.0,7,989,7.0,16,0.0,0.0,0.0,0.0,0.0
1,3,4,1055,935,1125,562,170.0,149.0,90.0,80,989,17.0,14,33.0,0.0,10.0,0.0,47.0
1,3,4,2206,2105,2250,3137,165.0,138.0,48.0,61,989,7.0,7,9.0,0.0,0.0,0.0,39.0
1,3,4,1801,1745,2035,25,170.0,153.0,12.0,16,1142,3.0,10,0.0,0.0,0.0,0.0,0.0
1,3,4,2108,2045,2330,1145,165.0,148.0,22.0,23,1142,4.0,12,0.0,0.0,0.0,0.0,22.0
1,3,4,749,735,830,467,115.0,90.0,13.0,14,550,4.0,20,0.0,0.0,0.0,0.0,0.0
1,3,4,1930,1920,2015,3134,115.0,85.0,-1.0,10,550,7.0,12,0.0,0.0,0.0,0.0,0.0
1,3,4,956,945,1135,590,110.0,96.0,14.0,11,655,4.0,13,0.0,0.0,0.0,0.0,0.0
1,3,4,1524,1500,1650,1320,110.0,92.0,24.0,24,655,5.0,13,0.0,0.0,17.0,0.0,7.0
1,3,4,1733,1715,1950,297,155.0,124.0,7.0,18,861,9.0,11,0.0,0.0,0.0,0.0,0.0
1,3,4,1421,1415,1645,348,150.0,129.0,-2.0,6,861,4.0,9,0.0,0.0,0.0,0.0,0.0
1,3,4,1137,1115,1340,768,145.0,134.0,30.0,22,861,4.0,15,11.0,0.0,8.0,0.0,11.0
1,3,4,1350,1250,1520,1035,150.0,128.0,51.0,60,861,3.0,10,9.0,0.0,0.0,0.0,42.0
1,3,4,1730,1620,1920,1484,300.0,276.0,68.0,70,1848,8.0,14,68.0,0.0,0.0,0.0,0.0
1,3,4,2041,2035,2255,2294,140.0,111.0,-4.0,6,834,7.0,12,0.0,0.0,0.0,0.0,0.0
1,3,4,1233,1225,1440,3934,135.0,122.0,9.0,8,834,6.0,8,0.0,0.0,0.0,0.0,0.0
1,3,4,645,635,915,2281,160.0,139.0,6.0,10,1073,4.0,13,0.0,0.0,0.0,0.0,0.0
1,3,4,2014,2000,2140,2135,100.0,77.0,3.0,14,534,3.0,9,0.0,0.0,0.0,0.0,0.0
1,3,4,1005,955,1130,2621,95.0,82.0,9.0,10,534,3.0,9,0.0,0.0,0.0,0.0,0.0
1,3,4,1554,1540,1720,2734,100.0,77.0,12.0,14,534,12.0,9,0.0,0.0,0.0,0.0,0.0
1,3,4,1013,955,1045,150,50.0,35.0,15.0,18,133,3.0,9,15.0,0.0,0.0,0.0,0.0
1,3,4,2143,2105,2150,907,45.0,30.0,37.0,38,133,4.0,10,37.0,0.0,0.0,0.0,0.0
1,3,4,1323,1315,1405,2368,50.0,31.0,4.0,8,133,2.0,13,0.0,0.0,0.0,0.0,0.0
1,3,4,1803,1755,1845,3398,50.0,33.0,10.0,8,133,3.0,16,0.0,0.0,0.0,0.0,0.0
1,3,4,1518,1505,1710,1414,185.0,161.0,4.0,13,1040,4.0,11,0.0,0.0,0.0,0.0,0.0
1,3,4,951,945,1155,187,130.0,107.0,-1.0,6,718,3.0,13,0.0,0.0,0.0,0.0,0.0
1,3,4,1440,1425,1635,718,130.0,105.0,20.0,15,718,20.0,10,2.0,0.0,5.0,0.0,13.0
1,3,4,1314,1250,1425,440,155.0,131.0,13.0,24,880,3.0,10,0.0,0.0,0.0,0.0,0.0
1,3,4,752,745,925,928,160.0,135.0,-6.0,7,880,3.0,9,0.0,0.0,0.0,0.0,0.0
1,3,4,1629,1535,1710,3743,155.0,127.0,43.0,54,880,4.0,13,0.0,0.0,0.0,0.0,43.0
1,3,4,1625,1550,1800,2871,190.0,158.0,21.0,35,1121,4.0,14,14.0,0.0,0.0,0.0,7.0
1,3,4,1051,1020,1305,95,105.0,97.0,36.0,31,717,4.0,9,18.0,0.0,5.0,0.0,13.0
1,3,4,2106,1925,2215,714,110.0,90.0,107.0,101,717,5.0,21,48.0,0.0,6.0,0.0,53.0
1,3,4,759,745,1030,478,165.0,128.0,-6.0,14,972,5.0,12,0.0,0.0,0.0,0.0,0.0
1,3,4,2033,1905,2150,3568,165.0,125.0,59.0,88,972,4.0,7,59.0,0.0,0.0,0.0,0.0
1,3,4,1930,1900,2200,245,120.0,100.0,28.0,30,777,8.0,10,28.0,0.0,0.0,0.0,0.0
1,3,4,1423,1350,1645,885,115.0,100.0,35.0,33,777,5.0,12,33.0,0.0,2.0,0.0,0.0
1,3,4,1037,1015,1155,223,100.0,72.0,5.0,22,570,2.0,9,0.0,0.0,0.0,0.0,0.0
1,3,4,1815,1755,1915,581,80.0,54.0,8.0,20,395,4.0,10,0.0,0.0,0.0,0.0,0.0
1,3,4,830,800,920,689,80.0,56.0,19.0,30,395,5.0,8,10.0,0.0,0.0,0.0,9.0
1,3,4,1247,1210,1325,813,75.0,60.0,33.0,37,395,5.0,6,14.0,0.0,0.0,0.0,19.0
1,3,4,1547,1540,1700,830,80.0,55.0,-1.0,7,395,4.0,13,0.0,0.0,0.0,0.0,0.0
1,3,4,2156,2035,2155,851,80.0,60.0,74.0,81,395,4.0,9,36.0,0.0,0.0,0.0,38.0
1,3,4,2221,2110,2225,1973,75.0,54.0,67.0,71,395,4.0,13,20.0,0.0,0.0,0.0,47.0
1,3,4,638,615,730,2108,75.0,55.0,31.0,23,395,6.0,22,23.0,0.0,8.0,0.0,0.0
1,3,4,839,820,1040,1690,80.0,65.0,18.0,19,468,4.0,10,11.0,0.0,0.0,0.0,7.0
1,3,4,1332,1255,1515,1828,80.0,66.0,31.0,37,468,2.0,6,19.0,0.0,0.0,0.0,12.0
1,3,4,2057,1955,2215,2975,80.0,65.0,66.0,62,468,3.0,16,46.0,0.0,4.0,0.0,16.0
1,3,4,1338,1300,1545,208,105.0,88.0,32.0,38,611,4.0,7,32.0,0.0,0.0,0.0,0.0
1,3,4,1533,1515,1800,224,105.0,87.0,12.0,18,611,3.0,9,0.0,0.0,0.0,0.0,0.0
1,3,4,1727,1715,2000,324,105.0,90.0,12.0,12,611,4.0,11,0.0,0.0,0.0,0.0,0.0
1,3,4,904,850,1135,466,105.0,88.0,10.0,14,611,3.0,10,0.0,0.0,0.0,0.0,0.0
1,3,4,1110,1035,1320,2272,105.0,86.0,28.0,35,611,3.0,9,19.0,0.0,0.0,0.0,9.0
1,3,4,1847,1825,2035,30,70.0,52.0,17.0,22,307,6.0,7,16.0,0.0,0.0,0.0,1.0
1,3,4,2214,2105,2310,153,65.0,48.0,67.0,69,307,6.0,9,0.0,0.0,0.0,0.0,67.0
1,3,4,929,820,1025,387,65.0,50.0,95.0,69,307,8.0,33,69.0,0.0,26.0,0.0,0.0
1,3,4,1202,1135,1345,628,70.0,47.0,18.0,27,307,4.0,10,8.0,0.0,0.0,0.0,10.0
1,3,4,1527,1410,1620,1489,70.0,48.0,75.0,77,307,7.0,13,75.0,0.0,0.0,0.0,0.0
1,3,4,2017,2000,2205,154,65.0,43.0,10.0,17,284,4.0,11,0.0,0.0,0.0,0.0,0.0
1,3,4,2316,2135,2335,261,60.0,39.0,91.0,101,284,3.0,8,61.0,0.0,0.0,0.0,30.0
1,3,4,637,615,815,950,60.0,49.0,23.0,22,284,5.0,7,0.0,22.0,1.0,0.0,0.0
1,3,4,1628,1620,1825,1685,65.0,47.0,7.0,8,284,5.0,12,0.0,0.0,0.0,0.0,0.0
1,3,4,1349,1325,1530,2470,65.0,50.0,19.0,24,284,2.0,8,19.0,0.0,0.0,0.0,0.0
1,3,4,1758,1730,1935,2474,65.0,48.0,22.0,28,284,3.0,8,22.0,0.0,0.0,0.0,0.0
1,3,4,2114,2025,2155,172,150.0,128.0,51.0,49,895,7.0,17,22.0,0.0,2.0,0.0,27.0
1,3,4,1245,1220,1355,806,155.0,128.0,10.0,25,895,5.0,7,0.0,0.0,0.0,0.0,0.0
1,3,4,946,930,1105,902,155.0,127.0,4.0,16,895,6.0,10,0.0,0.0,0.0,0.0,0.0
1,3,4,643,630,805,1001,155.0,125.0,12.0,13,895,4.0,25,0.0,0.0,0.0,0.0,0.0
1,3,4,1526,1425,1600,1852,155.0,129.0,50.0,61,895,6.0,9,26.0,0.0,0.0,0.0,24.0
1,3,4,1805,1705,1845,1944,160.0,128.0,45.0,60,895,6.0,11,16.0,0.0,0.0,0.0,29.0
1,3,4,1238,1200,1405,308,65.0,53.0,42.0,38,229,9.0,7,14.0,0.0,4.0,0.0,24.0
1,3,4,819,800,1000,424,60.0,45.0,16.0,19,229,4.0,8,9.0,0.0,0.0,0.0,7.0
1,3,4,1908,1825,2030,1006,65.0,42.0,38.0,43,229,3.0,15,38.0,0.0,0.0,0.0,0.0
1,3,4,1656,1610,1820,1014,70.0,43.0,37.0,46,229,3.0,15,29.0,0.0,0.0,0.0,8.0
1,3,4,1015,955,1200,1567,65.0,52.0,18.0,20,229,5.0,6,8.0,0.0,0.0,0.0,10.0
1,3,4,1452,1405,1610,1916,65.0,46.0,40.0,47,229,5.0,7,32.0,0.0,0.0,0.0,8.0
1,3,4,2223,2125,2325,3915,60.0,36.0,53.0,58,229,7.0,12,9.0,0.0,0.0,0.0,44.0
1,3,4,1317,1305,1700,234,175.0,152.0,9.0,12,1166,7.0,13,0.0,0.0,0.0,0.0,0.0
1,3,4,1801,1735,2130,892,175.0,148.0,12.0,26,1166,5.0,8,0.0,0.0,0.0,0.0,0.0
1,3,4,939,925,1325,2630,180.0,151.0,-1.0,14,1166,7.0,7,0.0,0.0,0.0,0.0,0.0
1,3,4,2130,1955,2350,3228,175.0,142.0,81.0,95,1166,4.0,15,40.0,0.0,0.0,0.0,41.0
1,3,4,705,630,1030,3848,180.0,151.0,25.0,35,1166,5.0,14,25.0,0.0,0.0,0.0,0.0
1,3,4,707,640,925,195,165.0,133.0,9.0,27,937,4.0,10,0.0,0.0,0.0,0.0,0.0
1,3,4,2106,2015,2300,203,165.0,123.0,29.0,51,937,4.0,16,13.0,0.0,0.0,0.0,16.0
1,3,4,916,820,1105,319,165.0,130.0,37.0,56,937,4.0,12,13.0,0.0,0.0,0.0,24.0
1,3,4,1445,1415,1700,1927,165.0,129.0,10.0,30,937,3.0,13,0.0,0.0,0.0,0.0,0.0
1,3,4,1149,1115,1400,3763,165.0,135.0,16.0,34,937,3.0,9,12.0,0.0,0.0,0.0,4.0
1,3,4,1720,1710,1955,3841,165.0,130.0,-11.0,10,937,3.0,11,0.0,0.0,0.0,0.0,0.0
1,3,4,2217,2110,2350,205,100.0,73.0,57.0,67,577,5.0,12,25.0,0.0,0.0,0.0,32.0
1,3,4,1544,1405,1650,1307,105.0,81.0,95.0,99,577,5.0,15,51.0,0.0,0.0,0.0,44.0
1,3,4,1939,1915,2155,3232,100.0,78.0,21.0,24,577,5.0,14,2.0,0.0,0.0,0.0,19.0
1,3,4,647,640,915,3760,95.0,84.0,16.0,7,577,5.0,15,0.0,7.0,9.0,0.0,0.0
1,3,4,1724,1655,1850,378,55.0,31.0,23.0,29,162,7.0,11,23.0,0.0,0.0,0.0,0.0
1,3,4,2212,2105,2255,771,50.0,36.0,72.0,67,162,6.0,13,17.0,0.0,5.0,0.0,50.0
1,3,4,1410,1255,1445,1333,50.0,32.0,84.0,75,162,8.0,19,58.0,0.0,9.0,0.0,17.0
1,3,4,725,715,905,1746,50.0,27.0,1.0,10,162,7.0,7,0.0,0.0,0.0,0.0,0.0
1,3,4,1033,905,1205,969,120.0,114.0,97.0,88,765,5.0,10,32.0,0.0,9.0,0.0,56.0
1,3,4,1620,1550,1900,1667,130.0,110.0,24.0,30,765,5.0,9,13.0,0.0,0.0,0.0,11.0
1,3,4,1308,1245,1555,1930,130.0,113.0,20.0,23,765,4.0,10,20.0,0.0,0.0,0.0,0.0
1,3,4,1910,1845,2150,2703,125.0,98.0,11.0,25,765,4.0,9,0.0,0.0,0.0,0.0,0.0
1,3,4,830,730,925,1035,115.0,87.0,45.0,60,666,3.0,10,45.0,0.0,0.0,0.0,0.0
1,3,4,2207,2100,2300,164,240.0,219.0,66.0,67,1521,5.0,15,55.0,0.0,0.0,0.0,11.0
1,3,4,1713,1705,1905,201,240.0,219.0,-4.0,8,1521,3.0,6,0.0,0.0,0.0,0.0,0.0
1,3,4,1038,1030,1230,300,240.0,217.0,0.0,8,1521,6.0,9,0.0,0.0,0.0,0.0,0.0
1,3,4,2015,2005,2205,556,240.0,214.0,1.0,10,1521,8.0,9,0.0,0.0,0.0,0.0,0.0
1,3,4,1216,1200,1400,872,240.0,215.0,1.0,16,1521,4.0,6,0.0,0.0,0.0,0.0,0.0
1,3,4,650,615,815,891,240.0,216.0,25.0,35,1521,3.0,11,0.0,25.0,0.0,0.0,0.0
1,3,4,850,740,940,1016,240.0,220.0,66.0,70,1521,5.0,11,57.0,0.0,0.0,0.0,9.0
1,3,4,1517,1500,1700,1422,240.0,222.0,14.0,17,1521,5.0,10,0.0,0.0,0.0,0.0,0.0
1,3,4,853,830,1030,2295,240.0,223.0,18.0,23,1521,3.0,9,18.0,0.0,0.0,0.0,0.0
1,3,4,2011,1925,2125,2449,240.0,218.0,40.0,46,1521,9.0,7,35.0,0.0,0.0,0.0,5.0
1,3,4,1508,1430,1630,3844,240.0,220.0,30.0,38,1521,4.0,8,27.0,0.0,0.0,0.0,3.0
1,3,4,732,655,925,184,270.0,243.0,32.0,37,1750,11.0,11,26.0,0.0,0.0,0.0,6.0
1,3,4,2116,2100,2330,587,270.0,249.0,22.0,16,1750,6.0,21,12.0,0.0,6.0,0.0,4.0
1,3,4,1533,1500,1730,829,270.0,256.0,32.0,33,1750,5.0,8,31.0,0.0,0.0,0.0,1.0
1,3,4,1243,1140,1415,2979,275.0,249.0,50.0,63,1750,7.0,6,39.0,0.0,0.0,0.0,11.0
1,3,4,1414,1400,1630,3149,270.0,252.0,11.0,14,1750,5.0,10,0.0,0.0,0.0,0.0,0.0
1,3,4,1748,1735,2010,3584,275.0,259.0,14.0,13,1750,8.0,9,0.0,0.0,0.0,0.0,0.0
1,3,4,1600,1500,1645,49,105.0,78.0,50.0,60,544,4.0,13,21.0,0.0,0.0,0.0,29.0
1,3,4,746,715,840,19,85.0,62.0,24.0,31,405,5.0,11,14.0,0.0,0.0,0.0,10.0
1,3,4,1113,1040,1205,33,85.0,64.0,24.0,33,405,4.0,8,16.0,0.0,0.0,0.0,8.0
1,3,4,1832,1720,1845,59,85.0,66.0,67.0,72,405,5.0,9,43.0,0.0,0.0,0.0,24.0
1,3,4,1422,1245,1410,132,85.0,64.0,96.0,97,405,5.0,15,65.0,0.0,0.0,0.0,31.0
1,3,4,2201,2135,2300,342,85.0,64.0,19.0,26,405,4.0,10,12.0,0.0,0.0,0.0,7.0
1,3,4,915,845,1010,407,85.0,63.0,24.0,30,405,4.0,12,11.0,0.0,0.0,0.0,13.0
1,3,4,950,925,1050,449,85.0,64.0,17.0,25,405,4.0,9,17.0,0.0,0.0,0.0,0.0
1,3,4,1947,1935,2100,727,85.0,65.0,10.0,12,405,4.0,14,0.0,0.0,0.0,0.0,0.0
1,3,4,1620,1505,1630,1257,85.0,61.0,67.0,75,405,4.0,12,12.0,0.0,0.0,0.0,55.0
1,3,4,1714,1620,1745,2900,85.0,64.0,47.0,54,405,4.0,10,33.0,0.0,0.0,0.0,14.0
1,3,4,1333,1300,1630,401,150.0,125.0,20.0,33,989,3.0,9,16.0,0.0,0.0,0.0,4.0
1,3,4,621,615,945,482,150.0,128.0,3.0,6,989,8.0,11,0.0,0.0,0.0,0.0,0.0
1,3,4,2059,2005,2335,1189,150.0,127.0,44.0,54,989,4.0,9,24.0,0.0,0.0,0.0,20.0
1,3,4,1414,1400,1730,1206,150.0,127.0,7.0,14,989,4.0,12,0.0,0.0,0.0,0.0,0.0
1,3,4,825,805,1135,1765,150.0,124.0,7.0,20,989,4.0,9,0.0,0.0,0.0,0.0,0.0
1,3,4,1120,1020,1350,2631,150.0,126.0,45.0,60,989,3.0,6,25.0,0.0,0.0,0.0,20.0
1,3,4,1804,1710,2040,3050,150.0,126.0,49.0,54,989,6.0,13,16.0,0.0,0.0,0.0,33.0
1,3,4,2124,1935,2305,3919,150.0,126.0,103.0,109,989,3.0,15,13.0,0.0,0.0,0.0,90.0
1,3,4,2143,2015,2315,396,120.0,100.0,82.0,88,838,4.0,10,82.0,0.0,0.0,0.0,0.0
1,3,4,645,635,935,1674,120.0,109.0,22.0,10,838,3.0,20,10.0,0.0,12.0,0.0,0.0
1,3,4,1849,1805,2110,1951,125.0,106.0,36.0,44,838,4.0,7,31.0,0.0,0.0,0.0,5.0
1,3,4,1417,1345,1645,2524,120.0,105.0,32.0,32,838,4.0,11,28.0,0.0,0.0,0.0,4.0
1,3,4,1103,1040,1340,2813,120.0,106.0,19.0,23,838,3.0,7,19.0,0.0,0.0,0.0,0.0
1,3,4,1413,1400,1620,1192,140.0,109.0,11.0,13,825,5.0,24,0.0,0.0,0.0,0.0,0.0
1,3,4,954,905,1150,142,285.0,265.0,50.0,49,1844,4.0,17,49.0,0.0,1.0,0.0,0.0
1,3,4,1412,1155,1435,562,280.0,272.0,144.0,137,1844,6.0,9,47.0,0.0,7.0,0.0,90.0
1,3,4,2117,2010,2250,1076,280.0,265.0,81.0,67,1844,5.0,24,41.0,0.0,14.0,0.0,26.0
1,3,4,1443,1330,1615,2195,285.0,272.0,88.0,73,1844,17.0,11,40.0,0.0,15.0,0.0,33.0
1,3,4,1020,955,1120,555,85.0,68.0,17.0,25,423,2.0,7,8.0,0.0,0.0,0.0,9.0
1,3,4,1429,1235,1400,1066,85.0,63.0,107.0,114,423,3.0,12,100.0,0.0,0.0,0.0,7.0
1,3,4,1841,1735,1900,1423,85.0,68.0,64.0,66,423,3.0,12,63.0,0.0,0.0,0.0,1.0
1,3,4,709,700,825,2544,85.0,66.0,4.0,9,423,2.0,12,0.0,0.0,0.0,0.0,0.0
1,3,4,2239,2115,2240,3491,85.0,67.0,78.0,84,423,2.0,10,7.0,0.0,0.0,0.0,71.0
1,3,4,1741,1600,1725,3832,85.0,66.0,96.0,101,423,2.0,12,9.0,0.0,0.0,0.0,87.0
1,3,4,1340,1325,1620,568,115.0,98.0,7.0,15,704,2.0,7,0.0,0.0,0.0,0.0,0.0
1,3,4,2041,1915,2210,3510,115.0,92.0,77.0,86,704,3.0,11,77.0,0.0,0.0,0.0,0.0
1,3,4,855,835,1105,561,270.0,247.0,11.0,20,1751,5.0,9,0.0,0.0,0.0,0.0,0.0
1,3,4,1921,1835,2105,2804,270.0,244.0,37.0,46,1751,4.0,13,37.0,0.0,0.0,0.0,0.0
1,3,4,1548,1540,1850,79,130.0,91.0,-16.0,8,668,7.0,8,0.0,0.0,0.0,0.0,0.0
1,3,4,1305,1245,1545,792,120.0,94.0,13.0,20,668,7.0,12,0.0,0.0,0.0,0.0,0.0
1,3,4,2047,1845,2145,1136,120.0,90.0,106.0,122,668,5.0,9,21.0,0.0,0.0,0.0,85.0
1,3,4,1812,1715,2025,2789,130.0,86.0,29.0,57,668,6.0,10,12.0,0.0,0.0,0.0,17.0
1,3,4,618,600,855,3153,115.0,95.0,17.0,18,668,4.0,15,17.0,0.0,0.0,0.0,0.0
1,3,4,955,935,1230,3757,115.0,93.0,12.0,20,668,3.0,11,0.0,0.0,0.0,0.0,0.0
1,3,4,833,815,1105,259,230.0,207.0,9.0,18,1444,6.0,8,0.0,0.0,0.0,0.0,0.0
1,3,4,656,645,940,616,235.0,205.0,6.0,11,1444,5.0,20,0.0,0.0,0.0,0.0,0.0
1,3,4,1608,1510,1805,921,235.0,215.0,57.0,58,1444,5.0,14,43.0,0.0,0.0,0.0,14.0
1,3,4,2126,2010,2300,1023,230.0,215.0,84.0,76,1444,3.0,20,35.0,0.0,8.0,0.0,41.0
1,3,4,1757,1725,2020,1827,235.0,212.0,23.0,32,1444,6.0,8,23.0,0.0,0.0,0.0,0.0
1,3,4,1310,1245,1540,1842,235.0,209.0,15.0,25,1444,5.0,11,15.0,0.0,0.0,0.0,0.0
1,3,4,1038,1010,1300,3501,230.0,208.0,22.0,28,1444,5.0,11,22.0,0.0,0.0,0.0,0.0
1,3,4,2146,2050,2305,337,75.0,52.0,45.0,56,402,3.0,9,19.0,0.0,0.0,0.0,26.0
1,3,4,750,730,950,1414,80.0,59.0,12.0,20,402,6.0,7,0.0,0.0,0.0,0.0,0.0
1,3,4,1542,1515,1730,2445,75.0,64.0,35.0,27,402,8.0,11,27.0,0.0,8.0,0.0,0.0
1,3,4,1147,1115,1330,3170,75.0,60.0,32.0,32,402,6.0,9,32.0,0.0,0.0,0.0,0.0
1,3,4,1852,1755,2010,3249,75.0,57.0,49.0,57,402,4.0,6,28.0,0.0,0.0,0.0,21.0
1,3,4,2154,2030,2335,2174,125.0,104.0,75.0,84,842,4.0,8,40.0,0.0,0.0,0.0,35.0
1,3,4,1253,1235,1540,2974,125.0,108.0,10.0,18,842,3.0,6,0.0,0.0,0.0,0.0,0.0
1,3,4,1853,1815,2120,3831,125.0,105.0,33.0,38,842,5.0,10,14.0,0.0,0.0,0.0,19.0
1,3,4,1555,1515,1805,255,110.0,85.0,29.0,40,632,3.0,11,20.0,0.0,0.0,0.0,9.0
1,3,4,1229,1210,1455,1429,105.0,88.0,16.0,19,632,3.0,11,13.0,0.0,0.0,0.0,3.0
1,3,4,2103,2020,2300,3063,100.0,81.0,40.0,43,632,3.0,13,35.0,0.0,0.0,0.0,5.0
1,3,4,726,705,950,3675,105.0,79.0,7.0,21,632,4.0,8,0.0,0.0,0.0,0.0,0.0
1,3,4,1523,1435,1650,1276,255.0,238.0,44.0,48,1680,5.0,8,31.0,0.0,0.0,0.0,13.0
1,3,4,2058,1955,2340,1558,165.0,143.0,58.0,63,1105,5.0,12,52.0,0.0,0.0,0.0,6.0
1,3,4,1341,1240,1505,299,265.0,249.0,57.0,61,1728,3.0,9,57.0,0.0,0.0,0.0,0.0
1,3,4,720,630,855,339,265.0,243.0,39.0,50,1728,3.0,8,39.0,0.0,0.0,0.0,0.0
1,3,4,914,820,1045,635,265.0,244.0,44.0,54,1728,3.0,8,40.0,0.0,0.0,0.0,4.0
1,3,4,1457,1430,1655,1188,265.0,258.0,30.0,27,1728,2.0,8,23.0,0.0,3.0,0.0,4.0
1,3,4,1933,1835,2100,2729,265.0,253.0,62.0,58,1728,4.0,12,55.0,0.0,4.0,0.0,3.0
1,3,4,822,750,1045,511,175.0,136.0,3.0,32,1036,3.0,7,0.0,0.0,0.0,0.0,0.0
1,3,4,2112,1845,2140,1394,175.0,134.0,126.0,147,1036,3.0,17,44.0,0.0,0.0,0.0,82.0
1,3,4,2241,2055,2300,74,65.0,53.0,108.0,106,271,5.0,9,54.0,0.0,2.0,0.0,52.0
1,3,4,638,625,830,247,65.0,43.0,13.0,13,271,3.0,19,0.0,0.0,0.0,0.0,0.0
1,3,4,1835,1755,2000,693,65.0,44.0,35.0,40,271,5.0,11,9.0,0.0,0.0,0.0,26.0
1,3,4,1424,1355,1600,823,65.0,42.0,20.0,29,271,5.0,9,10.0,0.0,0.0,0.0,10.0
1,3,4,1110,1055,1300,2019,65.0,46.0,7.0,15,271,4.0,7,0.0,0.0,0.0,0.0,0.0
1,3,4,2140,2000,2230,421,270.0,242.0,92.0,100,1733,4.0,16,92.0,0.0,0.0,0.0,0.0
1,3,4,1110,1040,1310,658,270.0,243.0,13.0,30,1733,4.0,6,0.0,0.0,0.0,0.0,0.0
1,3,4,824,755,1025,2702,270.0,247.0,24.0,29,1733,5.0,13,24.0,0.0,0.0,0.0,0.0
1,3,4,824,735,1020,220,285.0,260.0,39.0,49,1838,4.0,11,39.0,0.0,0.0,0.0,0.0
1,3,4,1900,1815,2100,2199,285.0,265.0,41.0,45,1838,5.0,11,41.0,0.0,0.0,0.0,0.0
1,3,4,1024,925,1155,151,210.0,186.0,50.0,59,1258,6.0,9,30.0,0.0,0.0,0.0,20.0
1,3,4,1725,1640,1910,1662,210.0,185.0,38.0,45,1258,4.0,14,38.0,0.0,0.0,0.0,0.0
1,3,4,2052,1930,2200,163,270.0,253.0,79.0,82,1790,4.0,10,15.0,0.0,0.0,0.0,64.0
1,3,4,840,825,1055,3145,270.0,253.0,21.0,15,1790,3.0,20,15.0,0.0,6.0,0.0,0.0
1,3,4,1138,1000,1105,29,65.0,46.0,90.0,98,251,3.0,8,86.0,0.0,0.0,0.0,4.0
1,3,4,1802,1755,1900,166,65.0,46.0,0.0,7,251,4.0,8,0.0,0.0,0.0,0.0,0.0
1,3,4,2208,2125,2225,393,60.0,40.0,34.0,43,251,3.0,8,34.0,0.0,0.0,0.0,0.0
1,3,4,1934,1855,2000,490,65.0,45.0,37.0,39,251,4.0,14,15.0,0.0,0.0,0.0,22.0
1,3,4,634,625,725,1586,60.0,46.0,15.0,9,251,4.0,16,9.0,0.0,6.0,0.0,0.0
1,3,4,822,805,910,2177,65.0,46.0,11.0,17,251,3.0,10,0.0,0.0,0.0,0.0,0.0
1,3,4,1754,1655,1800,2263,65.0,49.0,53.0,59,251,4.0,6,47.0,0.0,0.0,0.0,6.0
1,3,4,1355,1305,1410,2361,65.0,44.0,41.0,50,251,4.0,8,39.0,0.0,0.0,0.0,2.0
1,3,4,1806,1740,2115,26,155.0,127.0,11.0,26,997,5.0,8,0.0,0.0,0.0,0.0,0.0
1,3,4,911,845,1220,89,155.0,126.0,12.0,26,997,5.0,10,0.0,0.0,0.0,0.0,0.0
1,3,4,1412,1350,1720,477,150.0,126.0,10.0,22,997,4.0,8,0.0,0.0,0.0,0.0,0.0
1,3,4,634,620,950,979,150.0,125.0,2.0,14,997,4.0,9,0.0,0.0,0.0,0.0,0.0
1,3,4,1841,1625,2000,1153,155.0,126.0,120.0,136,997,6.0,7,29.0,0.0,0.0,0.0,91.0
1,3,4,1100,1040,1410,1847,150.0,124.0,4.0,20,997,4.0,6,0.0,0.0,0.0,0.0,0.0
1,3,4,1149,1105,1350,280,225.0,202.0,34.0,44,1440,3.0,10,25.0,0.0,0.0,0.0,9.0
1,3,4,2015,1845,2130,422,225.0,210.0,91.0,90,1440,4.0,12,18.0,0.0,1.0,0.0,72.0
1,3,4,1216,1150,1325,145,95.0,61.0,4.0,26,377,4.0,8,0.0,0.0,0.0,0.0,0.0
1,3,4,736,720,855,420,95.0,65.0,-1.0,16,377,2.0,11,0.0,0.0,0.0,0.0,0.0
1,3,4,1044,1010,1145,1061,95.0,61.0,10.0,34,377,2.0,8,0.0,0.0,0.0,0.0,0.0
1,3,4,2211,2130,2300,2038,90.0,64.0,27.0,41,377,3.0,9,3.0,0.0,0.0,0.0,24.0
1,3,4,1755,1715,1850,2611,95.0,60.0,20.0,40,377,5.0,10,4.0,0.0,0.0,0.0,16.0
1,3,4,1618,1555,1730,3226,95.0,63.0,6.0,23,377,4.0,11,0.0,0.0,0.0,0.0,0.0
1,3,4,1404,1305,1435,3691,90.0,61.0,43.0,59,377,3.0,10,4.0,0.0,0.0,0.0,39.0
1,3,4,1206,1135,1500,976,205.0,156.0,11.0,31,1142,21.0,8,0.0,0.0,0.0,0.0,0.0
1,3,4,1005,940,1305,1933,205.0,155.0,-10.0,25,1142,7.0,8,0.0,0.0,0.0,0.0,0.0
1,3,4,1909,1650,2010,2213,200.0,155.0,108.0,139,1142,3.0,11,6.0,0.0,0.0,0.0,102.0
1,3,4,1048,1005,1140,813,155.0,117.0,21.0,43,838,6.0,10,3.0,0.0,0.0,0.0,18.0
1,3,4,2114,2100,2235,2704,155.0,122.0,-1.0,14,838,7.0,11,0.0,0.0,0.0,0.0,0.0
1,3,4,1824,1750,1925,2888,155.0,124.0,16.0,34,838,6.0,7,0.0,0.0,0.0,0.0,16.0
1,3,4,1448,1410,1545,2900,155.0,120.0,16.0,38,838,6.0,7,8.0,0.0,0.0,0.0,8.0
1,3,4,627,620,800,3145,160.0,120.0,-15.0,7,838,10.0,8,0.0,0.0,0.0,0.0,0.0
1,3,4,1740,1630,1800,312,90.0,57.0,52.0,70,290,6.0,9,12.0,0.0,0.0,0.0,40.0
1,3,4,1422,1415,1545,1082,90.0,61.0,-12.0,7,290,4.0,6,0.0,0.0,0.0,0.0,0.0
1,3,4,716,700,830,1849,90.0,67.0,8.0,16,290,6.0,9,0.0,0.0,0.0,0.0,0.0
1,3,4,950,920,1045,2463,85.0,57.0,20.0,30,290,7.0,11,16.0,0.0,0.0,0.0,4.0
1,3,4,1300,1210,1340,3316,90.0,65.0,37.0,50,290,4.0,8,4.0,0.0,0.0,0.0,33.0
1,3,4,1904,1855,2025,3685,90.0,59.0,-3.0,9,290,4.0,15,0.0,0.0,0.0,0.0,0.0
1,3,4,946,755,1125,3241,210.0,164.0,94.0,111,1204,5.0,24,94.0,0.0,0.0,0.0,0.0
1,3,4,1422,1350,1725,3516,215.0,164.0,-4.0,32,1204,3.0,12,0.0,0.0,0.0,0.0,0.0
1,3,4,1249,1120,1235,521,75.0,47.0,68.0,89,321,2.0,5,60.0,0.0,0.0,0.0,8.0
1,3,4,837,825,1140,432,135.0,140.0,24.0,12,998,2.0,5,12.0,0.0,12.0,0.0,0.0
1,3,4,909,855,1020,467,85.0,71.0,9.0,14,437,3.0,6,0.0,0.0,0.0,0.0,0.0
1,3,4,1626,1505,1630,1936,85.0,71.0,78.0,81,437,5.0,6,65.0,0.0,0.0,0.0,13.0
1,3,4,1210,1200,1325,2101,85.0,69.0,2.0,10,437,4.0,4,0.0,0.0,0.0,0.0,0.0
1,3,4,1211,1205,1445,1194,100.0,92.0,8.0,6,673,5.0,5,0.0,0.0,0.0,0.0,0.0
1,3,4,1530,1355,1505,223,70.0,54.0,89.0,95,303,4.0,6,82.0,0.0,0.0,0.0,7.0
1,3,4,2007,1930,2040,570,70.0,53.0,26.0,37,303,2.0,4,0.0,0.0,0.0,0.0,26.0
1,3,4,2118,2100,2205,623,65.0,50.0,12.0,18,303,3.0,6,0.0,0.0,0.0,0.0,0.0
1,3,4,1316,1135,1245,689,70.0,50.0,88.0,101,303,3.0,4,55.0,0.0,0.0,0.0,33.0
1,3,4,1708,1645,1755,1192,70.0,55.0,20.0,23,303,3.0,9,10.0,0.0,0.0,0.0,10.0
1,3,4,957,945,1055,1343,70.0,54.0,6.0,12,303,3.0,7,0.0,0.0,0.0,0.0,0.0
1,3,4,1645,1635,1835,1254,240.0,219.0,-3.0,10,1501,4.0,4,0.0,0.0,0.0,0.0,0.0
1,3,4,1417,1400,1640,1170,100.0,76.0,6.0,17,550,7.0,6,0.0,0.0,0.0,0.0,0.0
1,3,4,2022,2010,2245,2624,95.0,76.0,3.0,12,550,3.0,7,0.0,0.0,0.0,0.0,0.0
1,3,4,1740,1645,1855,714,130.0,115.0,53.0,55,825,7.0,6,8.0,0.0,0.0,0.0,45.0
1,3,4,1324,1230,1510,169,220.0,193.0,38.0,54,1301,5.0,6,3.0,0.0,0.0,0.0,35.0
1,3,4,1406,1240,1505,788,85.0,67.0,77.0,86,487,4.0,5,64.0,0.0,0.0,0.0,13.0
1,3,4,638,630,855,806,85.0,72.0,4.0,8,487,4.0,5,0.0,0.0,0.0,0.0,0.0
1,3,4,1148,1055,1410,45,135.0,110.0,49.0,53,889,5.0,16,49.0,0.0,0.0,0.0,0.0
1,3,4,1938,1920,2230,527,130.0,107.0,26.0,18,889,5.0,26,0.0,0.0,8.0,0.0,18.0
1,3,4,1152,1120,1730,882,250.0,232.0,32.0,32,1959,5.0,13,21.0,0.0,0.0,0.0,11.0
1,3,4,1051,1010,1240,783,90.0,66.0,34.0,41,511,3.0,14,12.0,0.0,0.0,0.0,22.0
1,3,4,1953,1935,2200,2612,85.0,64.0,18.0,18,511,3.0,18,18.0,0.0,0.0,0.0,0.0
1,3,4,1632,1615,1720,346,65.0,48.0,18.0,17,325,3.0,15,0.0,0.0,1.0,0.0,17.0
1,3,4,2000,1855,2000,444,65.0,49.0,69.0,65,325,2.0,18,0.0,0.0,4.0,0.0,65.0
1,3,4,1502,1445,1550,481,65.0,49.0,17.0,17,325,2.0,14,14.0,0.0,0.0,0.0,3.0
1,3,4,1229,1135,1240,891,65.0,49.0,61.0,54,325,2.0,21,1.0,0.0,7.0,0.0,53.0
1,3,4,2051,2015,2120,1150,65.0,48.0,31.0,36,325,2.0,10,14.0,0.0,0.0,0.0,17.0
1,3,4,938,930,1035,1171,65.0,53.0,9.0,8,325,2.0,11,0.0,0.0,0.0,0.0,0.0
1,3,4,1628,1520,1625,1311,65.0,50.0,64.0,68,325,1.0,10,17.0,0.0,0.0,0.0,47.0
1,3,4,1816,1750,1855,2550,65.0,49.0,26.0,26,325,2.0,14,13.0,0.0,0.0,0.0,13.0
1,3,4,1243,1220,1325,2614,65.0,50.0,20.0,23,325,2.0,10,20.0,0.0,0.0,0.0,0.0
1,3,4,2059,1930,2035,2732,65.0,48.0,91.0,89,325,2.0,17,15.0,0.0,2.0,0.0,74.0
1,3,4,2146,2050,2155,3589,65.0,51.0,56.0,56,325,2.0,12,13.0,0.0,0.0,0.0,43.0
1,3,4,817,805,910,3772,65.0,49.0,9.0,12,325,2.0,11,0.0,0.0,0.0,0.0,0.0
1,3,4,1322,1310,1635,494,145.0,113.0,3.0,12,957,13.0,10,0.0,0.0,0.0,0.0,0.0
1,3,4,1740,1650,2015,497,145.0,113.0,40.0,50,957,8.0,14,0.0,0.0,7.0,0.0,33.0
1,3,4,2010,1910,2235,1426,145.0,114.0,51.0,60,957,8.0,14,10.0,0.0,0.0,0.0,41.0
1,3,4,642,630,955,1502,145.0,114.0,2.0,12,957,7.0,14,0.0,0.0,0.0,0.0,0.0
1,3,4,1031,1015,1340,1760,145.0,117.0,4.0,16,957,6.0,10,0.0,0.0,0.0,0.0,0.0
1,3,4,2155,1940,2140,223,120.0,93.0,130.0,135,723,5.0,17,19.0,0.0,0.0,0.0,111.0
1,3,4,1004,935,1135,2639,120.0,86.0,7.0,29,723,4.0,8,0.0,0.0,0.0,0.0,0.0
1,3,4,1620,1520,2100,78,220.0,189.0,44.0,60,1642,3.0,12,14.0,0.0,0.0,0.0,30.0
1,3,4,1623,1500,1625,302,85.0,62.0,87.0,83,407,4.0,23,83.0,0.0,4.0,0.0,0.0
1,3,4,2154,2040,2205,428,85.0,63.0,69.0,74,407,4.0,13,2.0,0.0,0.0,0.0,67.0
1,3,4,1322,1245,1410,500,85.0,64.0,34.0,37,407,3.0,15,34.0,0.0,0.0,0.0,0.0
1,3,4,2059,1945,2105,890,80.0,61.0,75.0,74,407,6.0,14,41.0,0.0,1.0,0.0,33.0
1,3,4,1504,1355,1520,1585,85.0,66.0,71.0,69,407,8.0,13,50.0,0.0,2.0,0.0,19.0
1,3,4,1140,1125,1250,1918,85.0,68.0,13.0,15,407,7.0,8,0.0,0.0,0.0,0.0,0.0
1,3,4,1615,1540,1705,2632,85.0,65.0,36.0,35,407,5.0,16,16.0,0.0,1.0,0.0,19.0
1,3,4,1647,1630,1755,3327,85.0,59.0,34.0,17,407,20.0,23,2.0,0.0,17.0,0.0,15.0
1,3,4,2142,2120,2245,3396,85.0,59.0,25.0,22,407,17.0,12,22.0,0.0,3.0,0.0,0.0
1,3,4,1816,1745,1910,3940,85.0,61.0,44.0,31,407,20.0,17,0.0,0.0,13.0,0.0,31.0
1,3,4,1209,1200,1315,75,75.0,53.0,4.0,9,337,7.0,10,0.0,0.0,0.0,0.0,0.0
1,3,4,928,900,1020,96,80.0,54.0,22.0,28,337,6.0,14,9.0,0.0,0.0,0.0,13.0
1,3,4,1551,1530,1645,230,75.0,52.0,19.0,21,337,6.0,15,9.0,0.0,0.0,0.0,10.0
1,3,4,2015,2000,2120,252,80.0,59.0,18.0,15,337,7.0,17,3.0,0.0,3.0,0.0,12.0
1,3,4,837,830,945,304,75.0,57.0,6.0,7,337,8.0,9,0.0,0.0,0.0,0.0,0.0
1,3,4,1821,1730,1845,925,75.0,58.0,64.0,51,337,8.0,22,8.0,0.0,13.0,0.0,43.0
1,3,4,1426,1400,1515,1107,75.0,51.0,30.0,26,337,19.0,9,19.0,0.0,4.0,0.0,7.0
1,3,4,2221,2100,2215,1192,75.0,52.0,80.0,81,337,9.0,13,18.0,0.0,0.0,0.0,62.0
1,3,4,1937,1830,1945,1485,75.0,52.0,66.0,67,337,6.0,16,1.0,0.0,0.0,0.0,65.0
1,3,4,1730,1600,1715,1671,75.0,55.0,104.0,90,337,15.0,19,1.0,0.0,14.0,0.0,89.0
1,3,4,1731,1700,1815,2208,75.0,53.0,29.0,31,337,6.0,14,0.0,0.0,0.0,0.0,29.0
1,3,4,1122,1100,1215,2733,75.0,57.0,22.0,22,337,6.0,12,9.0,0.0,0.0,0.0,13.0
1,3,4,808,800,915,3245,75.0,54.0,5.0,8,337,8.0,10,0.0,0.0,0.0,0.0,0.0
1,3,4,1827,1800,1915,3394,75.0,55.0,37.0,27,337,7.0,23,13.0,0.0,10.0,0.0,14.0
1,3,4,1935,1900,2015,3939,75.0,53.0,34.0,35,337,5.0,16,13.0,0.0,0.0,0.0,21.0
1,3,4,814,755,1320,3320,205.0,177.0,4.0,19,1489,4.0,9,0.0,0.0,0.0,0.0,0.0
1,3,4,1433,1340,1905,3829,205.0,170.0,31.0,53,1489,5.0,8,23.0,0.0,0.0,0.0,8.0
1,3,4,1519,1425,2025,514,240.0,210.0,37.0,54,1844,5.0,8,19.0,0.0,0.0,0.0,18.0
1,3,4,1358,1210,1815,1136,245.0,213.0,98.0,108,1844,7.0,15,25.0,0.0,0.0,0.0,73.0
1,3,4,1456,1445,1555,84,70.0,56.0,10.0,11,361,3.0,10,0.0,0.0,0.0,0.0,0.0
1,3,4,2115,2000,2115,464,75.0,56.0,80.0,75,361,5.0,19,24.0,0.0,5.0,0.0,51.0
1,3,4,2217,2050,2205,582,75.0,56.0,84.0,87,361,5.0,11,21.0,0.0,0.0,0.0,63.0
1,3,4,1812,1705,1820,835,75.0,54.0,66.0,67,361,4.0,16,14.0,0.0,0.0,0.0,52.0
1,3,4,1323,1245,1400,898,75.0,57.0,52.0,38,361,5.0,27,17.0,0.0,14.0,0.0,21.0
1,3,4,1932,1850,2005,988,75.0,57.0,46.0,42,361,5.0,17,8.0,0.0,4.0,0.0,34.0
1,3,4,1550,1540,1655,3765,75.0,55.0,15.0,10,361,4.0,21,7.0,0.0,5.0,0.0,3.0
1,3,4,1743,1650,1830,430,100.0,79.0,51.0,53,543,4.0,15,29.0,0.0,0.0,0.0,22.0
1,3,4,621,615,755,491,100.0,77.0,-2.0,6,543,4.0,11,0.0,0.0,0.0,0.0,0.0
1,3,4,2238,2115,2255,644,100.0,73.0,71.0,83,543,5.0,10,8.0,0.0,0.0,0.0,63.0
1,3,4,2022,1940,2120,829,100.0,72.0,37.0,42,543,8.0,15,11.0,0.0,0.0,0.0,26.0
1,3,4,1222,1215,1355,2011,100.0,74.0,-3.0,7,543,3.0,13,0.0,0.0,0.0,0.0,0.0
1,3,4,2230,2050,2340,190,110.0,84.0,84.0,100,646,2.0,8,0.0,0.0,6.0,0.0,78.0
1,3,4,1652,1635,1930,753,115.0,85.0,8.0,17,646,5.0,16,0.0,0.0,0.0,0.0,0.0
1,3,4,1317,1300,1550,933,110.0,85.0,3.0,17,646,3.0,8,0.0,0.0,0.0,0.0,0.0
1,3,4,2015,1815,2110,1222,115.0,86.0,105.0,120,646,4.0,10,2.0,0.0,0.0,0.0,103.0
1,3,4,1209,1125,1415,1686,110.0,86.0,32.0,44,646,3.0,9,6.0,0.0,0.0,0.0,26.0
1,3,4,1727,1605,1655,985,50.0,31.0,89.0,82,180,5.0,21,14.0,0.0,7.0,0.0,68.0
1,3,4,2050,2040,2130,1587,50.0,33.0,9.0,10,180,3.0,13,0.0,0.0,0.0,0.0,0.0
1,3,4,748,740,830,2113,50.0,31.0,4.0,8,180,4.0,11,0.0,0.0,0.0,0.0,0.0
1,3,4,1330,1255,1345,3502,50.0,33.0,50.0,35,180,4.0,28,30.0,0.0,15.0,0.0,5.0
1,3,4,1736,1650,1815,318,85.0,61.0,43.0,46,446,4.0,17,0.0,0.0,1.0,0.0,42.0
1,3,4,1257,1250,1410,639,80.0,63.0,3.0,7,446,3.0,10,0.0,0.0,0.0,0.0,0.0
1,3,4,1457,1430,1550,828,80.0,66.0,23.0,27,446,2.0,8,17.0,0.0,0.0,0.0,6.0
1,3,4,1013,955,1120,1022,85.0,69.0,12.0,18,446,2.0,8,0.0,0.0,0.0,0.0,0.0
1,3,4,1213,1140,1305,1065,85.0,64.0,27.0,33,446,3.0,12,5.0,0.0,0.0,0.0,22.0
1,3,4,1813,1745,1910,1255,85.0,66.0,35.0,28,446,3.0,23,0.0,0.0,7.0,0.0,28.0
1,3,4,1945,1930,2055,2269,85.0,61.0,15.0,15,446,3.0,21,0.0,0.0,5.0,0.0,10.0
1,3,4,1421,1330,1455,2719,85.0,64.0,44.0,51,446,4.0,10,18.0,0.0,0.0,0.0,26.0
1,3,4,1651,1620,1745,2884,85.0,67.0,33.0,31,446,4.0,16,11.0,0.0,2.0,0.0,20.0
1,3,4,738,730,855,2982,85.0,66.0,0.0,8,446,2.0,9,0.0,0.0,0.0,0.0,0.0
1,3,4,2056,2010,2135,3058,85.0,66.0,46.0,46,446,4.0,15,12.0,0.0,0.0,0.0,34.0
1,3,4,1503,1415,1615,237,120.0,91.0,74.0,48,671,5.0,50,8.0,0.0,26.0,0.0,40.0
1,3,4,1223,1145,1345,256,120.0,89.0,28.0,38,671,3.0,18,22.0,0.0,0.0,0.0,6.0
1,3,4,1800,1735,1935,872,120.0,106.0,39.0,25,671,4.0,24,12.0,0.0,14.0,0.0,13.0
1,3,4,1745,1655,1855,1071,120.0,113.0,65.0,50,671,7.0,15,20.0,0.0,15.0,0.0,30.0
1,3,4,2153,2055,2255,2730,120.0,91.0,52.0,58,671,5.0,18,20.0,0.0,0.0,0.0,32.0
1,3,4,1325,1300,1540,125,100.0,83.0,31.0,25,588,2.0,21,21.0,0.0,6.0,0.0,4.0
1,3,4,2120,2030,2310,246,100.0,76.0,49.0,50,588,6.0,17,8.0,0.0,0.0,0.0,41.0
1,3,4,1039,1015,1300,1678,105.0,77.0,16.0,24,588,5.0,15,1.0,0.0,0.0,0.0,15.0
1,3,4,1741,1640,1920,2282,100.0,83.0,67.0,61,588,3.0,20,0.0,0.0,6.0,0.0,61.0
1,3,4,1857,1850,2010,80,80.0,64.0,17.0,7,371,4.0,22,0.0,0.0,10.0,0.0,7.0
1,3,4,2118,2105,2225,83,80.0,60.0,9.0,13,371,4.0,12,0.0,0.0,0.0,0.0,0.0
1,3,4,1716,1630,1750,105,80.0,60.0,42.0,46,371,4.0,12,30.0,0.0,0.0,0.0,12.0
1,3,4,1325,1220,1340,1854,80.0,63.0,73.0,65,371,3.0,22,15.0,0.0,8.0,0.0,50.0
1,3,4,1445,1405,1525,3766,80.0,62.0,37.0,40,371,3.0,12,17.0,0.0,0.0,0.0,20.0
1,3,4,1844,1810,2125,3402,135.0,92.0,12.0,34,747,3.0,18,0.0,0.0,0.0,0.0,0.0
1,3,4,908,900,1250,128,170.0,151.0,-2.0,8,1180,3.0,6,0.0,0.0,0.0,0.0,0.0
1,3,4,1701,1655,1745,1760,50.0,40.0,6.0,6,181,4.0,6,0.0,0.0,0.0,0.0,0.0
1,3,4,1940,1930,2020,2553,50.0,39.0,11.0,10,181,4.0,8,0.0,0.0,0.0,0.0,0.0
1,3,4,1948,1910,1945,900,95.0,81.0,40.0,38,495,8.0,8,11.0,0.0,2.0,0.0,27.0
1,3,4,1252,1245,1405,449,80.0,61.0,-1.0,7,419,3.0,8,0.0,0.0,0.0,0.0,0.0
1,3,4,1944,1830,1950,1257,80.0,60.0,63.0,74,419,2.0,7,5.0,0.0,0.0,0.0,58.0
1,3,4,1347,1340,1425,354,165.0,145.0,0.0,7,987,5.0,8,0.0,0.0,0.0,0.0,0.0
1,3,4,1914,1855,2000,1230,65.0,50.0,17.0,19,313,4.0,9,0.0,0.0,0.0,0.0,17.0
1,3,4,1717,1625,1750,303,145.0,135.0,53.0,52,833,4.0,7,5.0,0.0,1.0,0.0,47.0
1,3,4,1403,1305,1430,877,145.0,132.0,55.0,58,833,4.0,6,3.0,0.0,0.0,0.0,52.0
1,3,4,1658,1630,1750,86,80.0,67.0,27.0,28,462,5.0,7,16.0,0.0,0.0,0.0,11.0
1,3,4,1726,1720,1820,484,180.0,160.0,0.0,6,1099,4.0,10,0.0,0.0,0.0,0.0,0.0
1,3,4,2023,1920,2040,153,80.0,64.0,73.0,63,423,19.0,7,0.0,0.0,10.0,0.0,63.0
1,3,4,857,850,1010,566,80.0,63.0,2.0,7,423,4.0,8,0.0,0.0,0.0,0.0,0.0
1,3,4,1618,1430,1550,1153,80.0,63.0,103.0,108,423,4.0,8,1.0,0.0,0.0,0.0,102.0
1,3,4,1121,1105,1225,1333,80.0,67.0,17.0,16,423,6.0,8,5.0,0.0,1.0,0.0,11.0
1,3,4,1925,1750,1910,3919,80.0,61.0,95.0,95,423,6.0,13,0.0,0.0,0.0,0.0,95.0
1,3,4,2045,1905,2100,242,175.0,161.0,98.0,100,1037,5.0,7,11.0,0.0,0.0,0.0,87.0
1,3,4,1208,1145,1340,555,175.0,152.0,12.0,23,1037,5.0,7,0.0,0.0,0.0,0.0,0.0
1,3,4,633,625,820,1069,175.0,153.0,-1.0,8,1037,4.0,9,0.0,0.0,0.0,0.0,0.0
1,3,4,1925,1820,1925,479,65.0,49.0,59.0,65,342,3.0,7,1.0,0.0,0.0,0.0,58.0
1,3,4,1117,1050,1630,879,220.0,197.0,15.0,27,1751,6.0,5,5.0,0.0,0.0,0.0,10.0
1,3,4,1523,1455,1555,239,60.0,39.0,32.0,28,197,19.0,6,4.0,0.0,4.0,0.0,24.0
1,3,4,1718,1615,1715,564,60.0,42.0,55.0,63,197,3.0,7,9.0,0.0,0.0,0.0,46.0
1,3,4,1008,915,1015,773,60.0,41.0,51.0,53,197,4.0,13,0.0,0.0,33.0,0.0,18.0
1,3,4,2120,2100,2200,812,60.0,37.0,10.0,20,197,8.0,5,0.0,0.0,0.0,0.0,0.0
1,3,4,1300,1250,1350,1582,60.0,41.0,8.0,10,197,4.0,13,0.0,0.0,0.0,0.0,0.0
1,3,4,1755,1730,1830,1583,60.0,39.0,16.0,25,197,5.0,7,4.0,0.0,0.0,0.0,12.0
1,3,4,1916,1850,1950,3746,60.0,40.0,23.0,26,197,11.0,6,3.0,0.0,0.0,0.0,20.0
1,3,4,1302,1250,1405,403,75.0,62.0,7.0,12,361,4.0,4,0.0,0.0,0.0,0.0,0.0
1,3,4,1604,1555,1710,872,75.0,67.0,13.0,9,361,4.0,8,0.0,0.0,0.0,0.0,0.0
1,3,4,1531,1425,1540,985,75.0,68.0,68.0,66,361,4.0,5,14.0,0.0,2.0,0.0,52.0
1,3,4,2110,2030,2145,1075,75.0,68.0,41.0,40,361,2.0,6,0.0,0.0,1.0,0.0,40.0
1,3,4,2150,2125,2240,1480,75.0,71.0,32.0,25,361,3.0,8,0.0,0.0,7.0,0.0,25.0
1,3,4,1959,1920,2035,2730,75.0,62.0,36.0,39,361,3.0,7,4.0,0.0,0.0,0.0,32.0
1,3,4,1734,1720,1835,3852,75.0,69.0,22.0,14,361,4.0,10,0.0,0.0,8.0,0.0,14.0
1,3,4,1751,1745,1955,780,70.0,46.0,-6.0,6,325,5.0,7,0.0,0.0,0.0,0.0,0.0
1,3,4,1947,1840,2045,835,65.0,53.0,73.0,67,325,6.0,12,1.0,0.0,6.0,0.0,66.0
1,3,4,1528,1445,1655,1424,70.0,49.0,32.0,43,325,3.0,7,1.0,0.0,0.0,0.0,31.0
1,3,4,2158,2115,2320,2458,65.0,45.0,32.0,43,325,4.0,5,0.0,0.0,0.0,0.0,32.0
1,3,4,750,740,950,3509,70.0,46.0,3.0,10,325,4.0,13,0.0,0.0,0.0,0.0,0.0
1,3,4,1414,1400,1610,3854,70.0,47.0,-1.0,14,325,3.0,5,0.0,0.0,0.0,0.0,0.0
1,3,4,1743,1725,1835,187,70.0,55.0,20.0,18,333,8.0,9,2.0,0.0,2.0,0.0,16.0
1,3,4,1215,1145,1255,906,70.0,54.0,24.0,30,333,4.0,6,2.0,0.0,0.0,0.0,22.0
1,3,4,958,950,1100,1670,70.0,53.0,3.0,8,333,5.0,7,0.0,0.0,0.0,0.0,0.0
1,3,4,1603,1515,1625,2645,70.0,55.0,43.0,48,333,4.0,6,20.0,0.0,0.0,0.0,23.0
1,3,4,2134,2050,2200,3691,70.0,58.0,57.0,44,333,11.0,14,0.0,0.0,13.0,0.0,44.0
1,3,4,2248,2135,2250,551,75.0,63.0,76.0,73,389,5.0,10,0.0,0.0,3.0,0.0,73.0
1,3,4,1628,1610,1730,775,80.0,62.0,13.0,18,389,5.0,8,0.0,0.0,0.0,0.0,0.0
1,3,4,1203,1155,1310,876,75.0,57.0,4.0,8,389,5.0,9,0.0,0.0,0.0,0.0,0.0
1,3,4,1823,1800,1920,966,80.0,61.0,14.0,23,389,4.0,6,0.0,0.0,0.0,0.0,0.0
1,3,4,1946,1925,2045,1679,80.0,65.0,21.0,21,389,4.0,11,0.0,0.0,0.0,0.0,21.0
1,3,4,1357,1335,1455,2105,80.0,64.0,18.0,22,389,4.0,8,1.0,0.0,0.0,0.0,17.0
1,3,4,2046,2010,2130,2901,80.0,61.0,29.0,36,389,5.0,7,0.0,0.0,0.0,0.0,29.0
1,3,4,1753,1720,1810,1320,50.0,37.0,35.0,33,159,5.0,10,9.0,0.0,2.0,0.0,24.0
1,3,4,1433,1420,1510,2362,50.0,41.0,16.0,13,159,3.0,9,13.0,0.0,3.0,0.0,0.0
1,3,4,1031,1010,1100,3604,50.0,38.0,22.0,21,159,5.0,8,13.0,0.0,1.0,0.0,8.0
1,3,4,749,720,810,3679,50.0,39.0,27.0,29,159,2.0,7,27.0,0.0,0.0,0.0,0.0
1,3,4,816,655,840,1574,105.0,73.0,61.0,81,543,4.0,8,61.0,0.0,0.0,0.0,0.0
1,3,4,1711,1640,1825,2019,105.0,77.0,15.0,31,543,4.0,8,3.0,0.0,0.0,0.0,12.0
1,3,4,1314,1210,1445,2363,335.0,308.0,53.0,64,2155,7.0,9,41.0,0.0,0.0,0.0,12.0
1,3,4,1016,915,1120,1134,125.0,98.0,54.0,61,655,6.0,14,1.0,0.0,0.0,0.0,53.0
1,3,4,1851,1835,2040,1828,125.0,93.0,-2.0,16,655,5.0,9,0.0,0.0,0.0,0.0,0.0
1,3,4,636,630,750,635,140.0,114.0,5.0,6,704,7.0,18,0.0,0.0,0.0,0.0,0.0
1,3,4,1659,1650,1805,2729,135.0,109.0,3.0,9,704,5.0,15,0.0,0.0,0.0,0.0,0.0
1,3,4,1437,1320,1535,48,135.0,105.0,58.0,77,717,5.0,6,25.0,0.0,0.0,0.0,33.0
1,3,4,2042,1950,2210,165,140.0,122.0,46.0,52,883,3.0,9,18.0,0.0,0.0,0.0,28.0
1,3,4,1637,1600,1825,1143,145.0,121.0,29.0,37,883,6.0,10,6.0,0.0,0.0,0.0,23.0
1,3,4,1908,1840,2115,1425,155.0,144.0,32.0,28,1052,4.0,11,16.0,0.0,4.0,0.0,12.0
1,3,4,1508,1455,1730,820,155.0,139.0,10.0,13,951,2.0,11,0.0,0.0,0.0,0.0,0.0
1,3,4,1812,1805,1855,174,50.0,36.0,5.0,7,174,3.0,9,0.0,0.0,0.0,0.0,0.0
1,3,4,1441,1400,1450,3686,50.0,35.0,39.0,41,174,5.0,8,8.0,0.0,0.0,0.0,31.0
1,3,4,1106,1045,1415,3425,150.0,137.0,21.0,21,1111,5.0,8,21.0,0.0,0.0,0.0,0.0
1,3,4,1338,1320,1525,2377,65.0,49.0,11.0,18,344,3.0,6,0.0,0.0,0.0,0.0,0.0
1,3,4,1632,1610,1810,2991,60.0,49.0,22.0,22,344,3.0,8,15.0,0.0,0.0,0.0,7.0
1,3,4,1619,1525,1620,957,55.0,45.0,55.0,54,279,5.0,6,17.0,0.0,1.0,0.0,37.0
1,3,4,1312,1255,1355,2121,60.0,38.0,12.0,17,279,4.0,13,0.0,0.0,0.0,0.0,0.0
1,3,4,2132,2050,2150,3155,60.0,39.0,32.0,42,279,4.0,7,23.0,0.0,0.0,0.0,9.0
1,3,4,911,905,1110,86,125.0,116.0,9.0,6,762,6.0,6,0.0,0.0,0.0,0.0,0.0
1,3,4,2054,2035,2235,874,120.0,113.0,24.0,19,762,7.0,5,12.0,0.0,5.0,0.0,7.0
1,3,4,1546,1500,1705,2186,125.0,119.0,54.0,46,762,8.0,6,16.0,0.0,8.0,0.0,30.0
1,3,4,1111,1055,1300,3070,125.0,119.0,23.0,16,762,4.0,9,16.0,0.0,7.0,0.0,0.0
1,3,4,1431,1335,1925,3228,230.0,209.0,48.0,56,1751,6.0,7,20.0,0.0,0.0,0.0,28.0
1,3,4,2154,2025,2205,447,100.0,93.0,92.0,89,543,3.0,7,12.0,0.0,3.0,0.0,77.0
1,3,4,1950,1840,2025,582,105.0,88.0,65.0,70,543,5.0,7,55.0,0.0,0.0,0.0,10.0
1,3,4,2000,1850,2220,789,150.0,131.0,61.0,70,1009,5.0,5,16.0,0.0,0.0,0.0,45.0
1,3,4,626,620,955,3419,155.0,134.0,-5.0,6,1009,3.0,7,0.0,0.0,0.0,0.0,0.0
1,3,4,2056,1940,2055,1939,75.0,62.0,78.0,76,444,6.0,9,5.0,0.0,2.0,0.0,71.0
1,3,4,1440,1420,1540,3513,80.0,69.0,22.0,20,444,4.0,9,20.0,0.0,2.0,0.0,0.0
1,3,4,2009,1925,2110,625,105.0,102.0,55.0,44,569,5.0,9,1.0,0.0,11.0,0.0,43.0
1,3,4,1628,1550,1735,2441,105.0,100.0,44.0,38,569,5.0,6,9.0,0.0,6.0,0.0,29.0
1,3,4,1152,1135,1320,2558,105.0,101.0,25.0,17,569,5.0,7,5.0,0.0,8.0,0.0,12.0
1,3,4,1808,1740,2025,159,105.0,84.0,21.0,28,630,3.0,11,7.0,0.0,0.0,0.0,14.0
1,3,4,1056,1045,1330,1756,105.0,84.0,-1.0,11,630,3.0,6,0.0,0.0,0.0,0.0,0.0
1,3,4,722,705,950,2549,105.0,87.0,10.0,17,630,4.0,7,0.0,0.0,0.0,0.0,0.0
1,3,4,1324,1315,1440,71,85.0,82.0,17.0,9,479,4.0,7,9.0,0.0,8.0,0.0,0.0
1,3,4,842,835,1000,505,85.0,73.0,6.0,7,479,3.0,8,0.0,0.0,0.0,0.0,0.0
1,3,4,1137,1120,1245,1424,85.0,79.0,23.0,17,479,4.0,8,13.0,0.0,6.0,0.0,4.0
1,3,4,2127,2045,2210,2890,85.0,71.0,44.0,42,479,6.0,10,0.0,0.0,2.0,0.0,42.0
1,3,4,1534,1515,1640,3659,85.0,79.0,24.0,19,479,5.0,6,7.0,0.0,5.0,0.0,12.0
1,3,4,1816,1805,1935,3334,150.0,101.0,-14.0,11,675,6.0,18,0.0,0.0,0.0,0.0,0.0
1,3,4,1321,1310,1440,3839,150.0,96.0,-22.0,11,675,6.0,15,0.0,0.0,0.0,0.0,0.0
1,3,4,2017,2010,2155,384,105.0,63.0,-19.0,7,405,5.0,11,0.0,0.0,0.0,0.0,0.0
1,3,4,1449,1435,1615,725,100.0,64.0,-4.0,14,405,3.0,15,0.0,0.0,0.0,0.0,0.0
1,3,4,1225,1205,1510,462,185.0,144.0,-10.0,20,992,2.0,9,0.0,0.0,0.0,0.0,0.0
1,3,4,1914,1845,2145,1589,180.0,133.0,6.0,29,992,4.0,20,0.0,0.0,0.0,0.0,0.0
1,3,4,931,850,1155,1849,185.0,126.0,-4.0,41,992,6.0,8,0.0,0.0,0.0,0.0,0.0
1,3,4,1118,1040,1340,32,240.0,188.0,0.0,38,1335,3.0,11,0.0,0.0,0.0,0.0,0.0
1,3,4,1807,1735,2035,1410,240.0,186.0,-3.0,32,1335,3.0,16,0.0,0.0,0.0,0.0,0.0
1,3,4,1937,1915,2135,1772,140.0,98.0,-3.0,22,742,4.0,13,0.0,0.0,0.0,0.0,0.0
1,3,4,1702,1545,1825,455,160.0,116.0,53.0,77,861,8.0,12,18.0,0.0,0.0,0.0,35.0
1,3,4,959,940,1235,687,175.0,115.0,-12.0,19,861,5.0,24,0.0,0.0,0.0,0.0,0.0
1,3,4,1820,1755,2040,907,165.0,117.0,-9.0,25,861,4.0,10,0.0,0.0,0.0,0.0,0.0
1,3,4,2122,2045,2330,2876,165.0,117.0,8.0,37,861,3.0,16,0.0,0.0,0.0,0.0,0.0
1,3,4,1528,1505,1630,201,145.0,103.0,-4.0,23,668,6.0,9,0.0,0.0,0.0,0.0,0.0
1,3,4,1932,1905,2030,587,145.0,104.0,4.0,27,668,5.0,13,0.0,0.0,0.0,0.0,0.0
1,3,4,1631,1620,1745,2199,145.0,103.0,-15.0,11,668,4.0,12,0.0,0.0,0.0,0.0,0.0
1,3,4,1008,945,1110,2979,145.0,101.0,14.0,23,668,7.0,28,0.0,0.0,0.0,0.0,0.0
1,3,4,1314,1255,1410,3844,135.0,103.0,4.0,19,668,7.0,10,0.0,0.0,0.0,0.0,0.0
1,3,4,1016,1010,1130,81,80.0,60.0,13.0,6,290,3.0,24,0.0,0.0,0.0,0.0,0.0
1,3,4,1544,1500,1610,434,70.0,58.0,54.0,44,290,3.0,19,11.0,0.0,10.0,0.0,33.0
1,3,4,2021,2010,2135,548,85.0,54.0,-3.0,11,290,4.0,13,0.0,0.0,0.0,0.0,0.0
1,3,4,1605,1520,1815,1338,175.0,123.0,12.0,45,951,6.0,13,0.0,0.0,0.0,0.0,0.0
1,3,4,846,825,1120,2379,175.0,120.0,-13.0,21,951,4.0,17,0.0,0.0,0.0,0.0,0.0
1,3,4,1656,1630,2005,262,335.0,294.0,1.0,26,2075,8.0,8,0.0,0.0,0.0,0.0,0.0
1,3,4,1107,1045,1425,3240,340.0,279.0,-22.0,22,2075,6.0,11,0.0,0.0,0.0,0.0,0.0
1,3,4,1738,1635,1750,461,75.0,43.0,44.0,63,267,5.0,8,0.0,0.0,0.0,0.0,44.0
1,3,4,1429,1315,1430,1574,75.0,46.0,62.0,74,267,6.0,11,0.0,0.0,0.0,0.0,62.0
1,3,4,2148,2120,2240,2200,80.0,46.0,8.0,28,267,6.0,8,0.0,0.0,0.0,0.0,0.0
1,3,4,1100,1050,1205,2560,75.0,47.0,5.0,10,267,7.0,16,0.0,0.0,0.0,0.0,0.0
1,3,4,938,915,1035,2877,80.0,47.0,8.0,23,267,5.0,13,0.0,0.0,0.0,0.0,0.0
1,3,4,2034,1955,2100,31,65.0,43.0,35.0,39,238,5.0,13,2.0,0.0,0.0,0.0,33.0
1,3,4,1246,1205,1315,476,70.0,48.0,32.0,41,238,3.0,10,6.0,0.0,0.0,0.0,26.0
1,3,4,1442,1415,1520,1236,65.0,50.0,25.0,27,238,3.0,10,0.0,0.0,0.0,0.0,25.0
1,3,4,1723,1715,1825,3493,70.0,51.0,5.0,8,238,4.0,12,0.0,0.0,0.0,0.0,0.0
1,3,4,1930,1825,2000,312,95.0,52.0,36.0,65,336,2.0,12,7.0,0.0,0.0,0.0,29.0
1,3,4,849,835,1000,2293,85.0,50.0,-2.0,14,336,3.0,16,0.0,0.0,0.0,0.0,0.0
1,3,4,1138,1110,1250,2463,100.0,60.0,2.0,28,336,2.0,12,0.0,0.0,0.0,0.0,0.0
1,3,4,2010,1925,2220,929,175.0,129.0,17.0,45,920,5.0,13,3.0,0.0,0.0,0.0,14.0
1,3,4,1449,1405,1655,998,170.0,127.0,19.0,44,920,4.0,14,6.0,0.0,0.0,0.0,13.0
1,3,4,626,620,915,2985,175.0,131.0,-10.0,6,920,5.0,23,0.0,0.0,0.0,0.0,0.0
1,3,4,2235,2155,2255,408,60.0,42.0,35.0,40,328,4.0,9,2.0,0.0,0.0,0.0,33.0
1,3,4,1438,1405,1505,555,60.0,41.0,31.0,33,328,3.0,14,20.0,0.0,0.0,0.0,11.0
1,3,4,1841,1720,1825,746,65.0,41.0,73.0,81,328,6.0,10,11.0,0.0,0.0,0.0,62.0
1,3,4,1121,1110,1220,1241,70.0,42.0,-1.0,11,328,4.0,12,0.0,0.0,0.0,0.0,0.0
1,3,4,2010,1955,2100,1415,65.0,41.0,9.0,15,328,5.0,13,0.0,0.0,0.0,0.0,0.0
1,3,4,1504,1450,1550,2374,60.0,42.0,13.0,14,328,3.0,14,0.0,0.0,0.0,0.0,0.0
1,3,4,1658,1630,1730,2614,60.0,42.0,24.0,28,328,3.0,11,5.0,0.0,0.0,0.0,19.0
1,3,4,1113,1105,1420,154,135.0,104.0,-4.0,8,872,6.0,13,0.0,0.0,0.0,0.0,0.0
1,3,4,2022,2015,2320,780,125.0,103.0,4.0,7,872,5.0,14,0.0,0.0,0.0,0.0,0.0
1,3,4,1621,1600,1910,3409,130.0,105.0,14.0,21,872,5.0,13,0.0,0.0,0.0,0.0,0.0
1,3,4,858,840,1150,3949,130.0,103.0,11.0,18,872,3.0,17,0.0,0.0,0.0,0.0,0.0
1,3,4,1957,1935,2340,1214,185.0,158.0,8.0,22,1455,2.0,11,0.0,0.0,0.0,0.0,0.0
1,3,4,1709,1555,2005,891,190.0,163.0,61.0,74,1448,3.0,11,7.0,0.0,0.0,0.0,54.0
1,3,4,1321,1255,1710,1058,195.0,165.0,20.0,26,1448,7.0,17,4.0,0.0,0.0,0.0,16.0
1,3,4,956,950,1600,496,250.0,221.0,-6.0,6,1912,3.0,14,0.0,0.0,0.0,0.0,0.0
1,3,4,1457,1340,1405,10,85.0,74.0,82.0,77,369,2.0,14,0.0,0.0,5.0,0.0,77.0
1,3,4,1553,1545,1605,734,80.0,72.0,12.0,8,369,2.0,10,0.0,0.0,0.0,0.0,0.0
1,3,4,1836,1750,1810,806,80.0,70.0,52.0,46,369,3.0,13,0.0,0.0,6.0,0.0,46.0
1,3,4,1933,1835,1855,921,80.0,70.0,60.0,58,369,2.0,10,0.0,0.0,3.0,0.0,57.0
1,3,4,1121,1055,1125,957,90.0,70.0,26.0,26,369,3.0,17,1.0,0.0,0.0,0.0,25.0
1,3,4,808,800,825,2613,85.0,71.0,7.0,8,369,4.0,9,0.0,0.0,0.0,0.0,0.0
1,3,4,2032,2010,2035,2871,85.0,69.0,13.0,22,369,2.0,5,0.0,0.0,0.0,0.0,0.0
1,3,4,2255,2135,2155,3323,80.0,71.0,83.0,80,369,2.0,10,10.0,0.0,3.0,0.0,70.0
1,3,4,1122,1105,1725,236,260.0,231.0,8.0,17,1999,5.0,15,0.0,0.0,0.0,0.0,0.0
1,3,4,1223,1210,1820,1155,250.0,233.0,14.0,13,1999,4.0,14,0.0,0.0,0.0,0.0,0.0
1,3,4,923,905,1440,2103,215.0,194.0,13.0,18,1671,5.0,11,0.0,0.0,0.0,0.0,0.0
1,3,4,2105,1945,2130,964,105.0,78.0,70.0,80,602,6.0,11,22.0,0.0,0.0,0.0,48.0
1,3,4,1329,1320,1505,2039,105.0,77.0,6.0,9,602,11.0,14,0.0,0.0,0.0,0.0,0.0
1,3,4,1548,1540,1720,2786,100.0,88.0,12.0,8,602,8.0,8,0.0,0.0,0.0,0.0,0.0
1,3,4,2054,2035,2220,3669,105.0,76.0,2.0,19,602,6.0,6,0.0,0.0,0.0,0.0,0.0
1,3,4,1004,950,1540,1428,230.0,210.0,16.0,14,1671,7.0,15,10.0,0.0,2.0,0.0,4.0
1,3,4,1331,1305,1410,116,65.0,50.0,30.0,26,347,4.0,15,11.0,0.0,4.0,0.0,15.0
1,3,4,1935,1900,2005,481,65.0,44.0,24.0,35,347,3.0,7,5.0,0.0,0.0,0.0,19.0
1,3,4,1515,1500,1605,1506,65.0,48.0,12.0,15,347,3.0,11,0.0,0.0,0.0,0.0,0.0
1,3,4,1728,1720,1825,1745,65.0,46.0,1.0,8,347,3.0,9,0.0,0.0,0.0,0.0,0.0
1,3,4,2227,2135,2240,3140,65.0,45.0,47.0,52,347,5.0,10,43.0,0.0,0.0,0.0,4.0
1,3,4,1257,1250,1620,342,150.0,121.0,-7.0,7,1020,4.0,11,0.0,0.0,0.0,0.0,0.0
1,3,4,2211,2000,2320,2268,140.0,121.0,121.0,131,1020,3.0,6,10.0,0.0,0.0,0.0,111.0
1,3,4,924,915,1250,3317,155.0,126.0,-7.0,9,1020,3.0,10,0.0,0.0,0.0,0.0,0.0
1,3,4,1112,1055,1625,1034,210.0,172.0,-2.0,17,1489,10.0,9,0.0,0.0,0.0,0.0,0.0
1,3,4,1802,1725,2245,2726,200.0,170.0,33.0,37,1489,8.0,18,6.0,0.0,0.0,0.0,27.0
1,3,4,1527,1505,1505,538,60.0,45.0,22.0,22,256,7.0,8,7.0,0.0,0.0,0.0,15.0
1,3,4,842,830,840,619,70.0,48.0,9.0,12,256,5.0,14,0.0,0.0,0.0,0.0,0.0
1,3,4,1706,1650,1655,675,65.0,44.0,12.0,16,256,7.0,10,0.0,0.0,0.0,0.0,0.0
1,3,4,1743,1720,1725,700,65.0,45.0,14.0,23,256,4.0,7,0.0,0.0,0.0,0.0,0.0
1,3,4,928,900,910,984,70.0,44.0,19.0,28,256,5.0,12,19.0,0.0,0.0,0.0,0.0
1,3,4,2201,2120,2125,998,65.0,43.0,32.0,41,256,7.0,6,11.0,0.0,0.0,0.0,21.0
1,3,4,742,730,730,2030,60.0,44.0,8.0,12,256,4.0,8,0.0,0.0,0.0,0.0,0.0
1,3,4,2048,2030,2035,3061,65.0,44.0,8.0,18,256,6.0,5,0.0,0.0,0.0,0.0,0.0
1,3,4,1619,1540,1600,169,80.0,62.0,39.0,39,370,5.0,13,1.0,0.0,0.0,0.0,38.0
1,3,4,1448,1440,1500,232,80.0,63.0,17.0,8,370,8.0,18,8.0,0.0,9.0,0.0,0.0
1,3,4,1913,1815,1835,303,80.0,64.0,59.0,58,370,7.0,10,0.0,0.0,6.0,0.0,53.0
1,3,4,1940,1915,1935,343,80.0,63.0,35.0,25,370,20.0,7,10.0,0.0,10.0,0.0,15.0
1,3,4,2118,2050,2115,1033,85.0,60.0,23.0,28,370,15.0,5,23.0,0.0,0.0,0.0,0.0
1,3,4,1822,1735,1755,2359,80.0,63.0,53.0,47,370,6.0,17,27.0,0.0,6.0,0.0,20.0
1,3,4,1321,1315,1335,2360,80.0,65.0,16.0,6,370,6.0,19,6.0,0.0,10.0,0.0,0.0
1,3,4,723,715,735,2639,80.0,63.0,6.0,8,370,7.0,8,0.0,0.0,0.0,0.0,0.0
1,3,4,1644,1610,1630,2812,80.0,63.0,43.0,34,370,4.0,22,22.0,0.0,9.0,0.0,12.0
1,3,4,2010,1955,2330,753,155.0,124.0,2.0,15,1136,5.0,13,0.0,0.0,0.0,0.0,0.0
1,3,4,1908,1900,2230,84,150.0,122.0,-7.0,8,1044,4.0,9,0.0,0.0,0.0,0.0,0.0
1,3,4,1252,1240,1610,1006,150.0,125.0,-1.0,12,1044,4.0,8,0.0,0.0,0.0,0.0,0.0
1,3,4,1936,1920,2340,1566,200.0,163.0,-3.0,16,1444,7.0,11,0.0,0.0,0.0,0.0,0.0
1,3,4,1121,1050,1515,1667,205.0,170.0,14.0,31,1444,5.0,13,0.0,0.0,0.0,0.0,0.0
1,3,4,1641,1610,2030,1929,200.0,164.0,11.0,31,1444,5.0,11,0.0,0.0,0.0,0.0,0.0
1,3,4,1236,1230,1655,2474,205.0,168.0,-15.0,6,1444,7.0,9,0.0,0.0,0.0,0.0,0.0
1,3,4,1404,1350,1810,2703,200.0,173.0,0.0,14,1444,6.0,7,0.0,0.0,0.0,0.0,0.0
1,3,4,1157,1145,1830,3598,285.0,258.0,11.0,12,2279,3.0,23,0.0,0.0,0.0,0.0,0.0
1,3,4,1813,1715,1820,357,125.0,117.0,68.0,58,646,3.0,15,0.0,0.0,10.0,0.0,58.0
1,3,4,1943,1905,2005,2336,120.0,110.0,42.0,38,646,4.0,10,18.0,0.0,4.0,0.0,20.0
1,3,4,943,925,1035,2646,130.0,110.0,13.0,18,646,5.0,10,0.0,0.0,0.0,0.0,0.0
1,3,4,1502,1455,1600,3240,125.0,114.0,15.0,7,646,5.0,14,7.0,0.0,8.0,0.0,0.0
1,3,4,2249,2150,2250,3492,120.0,108.0,67.0,59,646,6.0,14,26.0,0.0,8.0,0.0,33.0
1,3,4,2144,2025,2330,282,125.0,99.0,62.0,79,833,3.0,6,0.0,0.0,0.0,0.0,62.0
1,3,4,1654,1515,1840,316,145.0,120.0,89.0,99,1037,2.0,13,6.0,0.0,0.0,0.0,83.0
1,3,4,2059,2015,2340,559,145.0,121.0,30.0,44,1037,2.0,8,16.0,0.0,0.0,0.0,14.0
1,3,4,734,715,1045,1333,150.0,128.0,11.0,19,1037,3.0,11,0.0,0.0,0.0,0.0,0.0
1,3,4,1636,1550,1555,508,65.0,54.0,53.0,46,325,3.0,15,3.0,0.0,7.0,0.0,43.0
1,3,4,1022,1000,1020,616,80.0,53.0,18.0,22,325,5.0,18,13.0,0.0,0.0,0.0,5.0
1,3,4,1121,1110,1130,876,80.0,53.0,3.0,11,325,5.0,14,0.0,0.0,0.0,0.0,0.0
1,3,4,1743,1720,1730,966,70.0,58.0,24.0,23,325,4.0,9,0.0,0.0,1.0,0.0,23.0
1,3,4,1915,1850,1900,1679,70.0,55.0,23.0,25,325,3.0,10,19.0,0.0,0.0,0.0,4.0
1,3,4,2306,2135,2145,2369,70.0,57.0,93.0,91,325,4.0,11,12.0,0.0,2.0,0.0,79.0
1,3,4,716,700,715,3422,75.0,54.0,8.0,16,325,3.0,10,0.0,0.0,0.0,0.0,0.0
1,3,4,2105,2020,2030,3691,70.0,54.0,47.0,45,325,8.0,10,8.0,0.0,2.0,0.0,37.0
1,3,4,842,835,1040,364,185.0,145.0,-17.0,7,1009,3.0,13,0.0,0.0,0.0,0.0,0.0
1,3,4,1415,1345,1540,1012,175.0,141.0,7.0,30,1009,3.0,8,0.0,0.0,0.0,0.0,0.0
1,3,4,2101,1945,2140,1484,175.0,139.0,51.0,76,1009,3.0,8,5.0,0.0,0.0,0.0,46.0
1,3,4,1001,940,1600,175,260.0,236.0,13.0,21,2075,4.0,12,0.0,0.0,0.0,0.0,0.0
1,3,4,1620,1600,2220,287,260.0,235.0,16.0,20,2075,6.0,15,14.0,0.0,0.0,0.0,2.0
1,3,4,1322,1310,1905,3657,235.0,207.0,7.0,12,1813,6.0,17,0.0,0.0,0.0,0.0,0.0
1,3,4,2243,2120,2210,489,110.0,86.0,75.0,83,601,4.0,12,5.0,0.0,0.0,0.0,70.0
1,3,4,1444,1430,1520,736,110.0,87.0,16.0,14,601,4.0,21,14.0,0.0,2.0,0.0,0.0
1,3,4,1031,1020,1115,1144,115.0,87.0,2.0,11,601,4.0,15,0.0,0.0,0.0,0.0,0.0
